05        00 00 07 E0    00 00 07 E8    00 ;000
05        00 00 07 20    00 00 07 28    00 ;001
05        00 00 07 E1    00 00 07 E9    00 ;002
05        00 00 07 40    00 00 07 48    00 ;003
05        00 00 07 60    00 00 07 68    00 ;004
05        00 00 07 22    00 00 07 2A    00 ;005
05        00 00 07 30    00 00 07 38    00 ;006
05        00 00 07 50    00 00 07 58    00 ;007
05        00 00 07 21    00 00 07 29    00 ;008
05        00 00 07 61    00 00 07 69    00 ;009
05        00 00 07 10    00 00 07 18    00 ;00a
05        00 00 07 11    00 00 07 19    00 ;00b
05        00 00 07 42    00 00 07 4A    00 ;00c
05        00 00 07 A1    00 00 07 A9    00 ;00d
05        00 00 07 81    00 00 07 89    00 ;00e
05        00 00 07 E4    00 00 07 EC    00 ;00f
05        00 00 07 71    00 00 07 79    00 ;010
05        00 00 07 82    00 00 07 8A    00 ;011
05        00 00 07 E3    00 00 07 EB    00 ;012
05        00 00 07 23    00 00 07 2B    00 ;013
05        00 00 07 62    00 00 07 6A    00 ;014
05        00 00 07 43    00 00 07 4B    00 ;015
05        00 00 07 33    00 00 07 3B    00 ;016
05        00 00 07 83    00 00 07 8B    00 ;017
05        00 00 07 84    00 00 07 8C    00 ;018
05        00 00 07 85    00 00 07 8D    00 ;019
05        00 00 07 26    00 00 07 2E    00 ;01a
05        00 00 07 45    00 00 07 4D    00 ;01b
05        00 00 07 24    00 00 07 2C    00 ;01c
05        00 00 07 44    00 00 07 4C    00 ;01d
05        00 00 07 80    00 00 07 88    00 ;01e
05        00 00 07 31    00 00 07 39    00 ;01f
05        00 00 07 74    00 00 07 7C    00 ;020
05        00 00 07 A3    00 00 07 AB    00 ;021
05        00 00 07 34    00 00 07 3C    00 ;022
05        00 00 07 37    00 00 07 3F    00 ;023
05        00 00 07 86    00 00 07 8E    00 ;024
05        00 00 07 35    00 00 07 3D    00 ;025
05        00 00 07 46    00 00 07 4E    00 ;026
05        00 00 07 41    00 00 07 49    00 ;027
05        00 00 07 32    00 00 07 3A    00 ;028
05        00 00 07 77    00 00 07 7F    00 ;029
05        00 00 07 63    00 00 07 6B    00 ;02a
05        00 00 07 64    00 00 07 6C    00 ;02b
05        00 00 07 72    00 00 07 7A    00 ;02c
05        00 00 07 47    00 00 07 4F    00 ;02d
05        00 00 07 A4    00 00 07 AC    00 ;02e
05        00 00 07 36    00 00 07 3E    00 ;02f
05        00 00 07 70    00 00 07 78    00 ;030
05        00 00 07 E2    00 00 07 EA    00 ;031
05        00 00 07 17    00 00 07 1F    00 ;032
