7E1 02 10 01 00 00 00 00 00                       7E9 02 50 01 00 00 00 00 00   ;
7E1 02 10 01 00 00 00 00 00                       7E9 02 50 01 00 00 00 00 00   ;
7E1 02 10 01 00 00 00 00 00                       7E9 02 50 01 00 00 00 00 00   ;7
7E1 04 31 01 D0 01 00 00 00                       7E9 04 71 01 D0 01 00 00 00   ;7
7E1 02 10 01 00 00 00 00 00                       7E9 02 50 01 00 00 00 00 00   ;7
7E1 04 31 01 D0 02 00 00 00                       7E9 04 71 01 D0 02 00 00 00   ;7
7E1 02 10 01 00 00 00 00 00                       7E9 02 50 01 00 00 00 00 00   ;7
7E1 04 31 01 D0 03 00 00 00                       7E9 04 71 01 D0 03 00 00 00   ;7
7E1 02 10 01 00 00 00 00 00                       7E9 02 50 01 00 00 00 00 00   ;7
7E1 04 31 01 D0 04 00 00 00                       7E9 04 71 01 D0 04 00 00 00   ;7
7E1 02 10 01 00 00 00 00 00                       7E9 02 50 01 00 00 00 00 00   ;7
7E1 04 31 01 D0 05 00 00 00                       7E9 04 71 01 D0 05 00 00 00   ;7
7E1 02 10 01 00 00 00 00 00                       7E9 02 50 01 00 00 00 00 00   ;7
7E1 04 31 01 D0 06 00 00 00                       7E9 04 71 01 D0 06 00 00 00   ;7
7E1 02 10 01 00 00 00 00 00                       7E9 02 50 01 00 00 00 00 00   ;7
7E1 04 31 01 D0 07 00 00 00                       7E9 04 71 01 D0 07 00 00 00   ;7
7E1 02 10 01 00 00 00 00 00                       7E9 02 50 01 00 00 00 00 00   ;7
7E1 04 31 01 D0 08 00 00 00                       7E9 04 71 01 D0 08 00 00 00   ;7
7E1 02 10 01 00 00 00 00 00                       7E9 02 50 01 00 00 00 00 00   ;7
7E1 04 31 01 D0 09 00 00 00                       7E9 04 71 01 D0 09 00 00 00   ;7
7E1 02 10 01 00 00 00 00 00                       7E9 02 50 01 00 00 00 00 00   ;7
7E1 04 31 01 D0 0A 00 00 00                       7E9 04 71 01 D0 0A 00 00 00   ;7
7E1 02 10 01 00 00 00 00 00                       7E9 02 50 01 00 00 00 00 00   ;7
7E1 04 31 01 D0 0B 00 00 00                       7E9 04 71 01 D0 0B 00 00 00   ;7
7E1 02 10 01 00 00 00 00 00                       7E9 02 50 01 00 00 00 00 00   ;7
7E1 04 31 01 D0 0C 00 00 00                       7E9 04 71 01 D0 0C 00 00 00   ;7
