743 02 10 01 00 00 00 00 00                       74B 02 50 01 00 00 00 00 00   ;
743 02 3E 80 00 00 00 00 00                       74B 02 7e 80 00 00 00 00 00   ;
743 02 10 01 00 00 00 00 00                       74B 02 50 01 00 00 00 00 00   ;
743 02 3E 80 00 00 00 00 00                       74B 02 7e 80 00 00 00 00 00   ;
743 02 10 01 00 00 00 00 00                       74B 02 50 01 00 00 00 00 00   ;7
743 02 3E 80 00 00 00 00 00                       74B 02 7e 80 00 00 00 00 00   ;7
743 05 2F 00 33 08 01 00 00                       74B 05 6f 00 33 08 01 00 00   ;7
743 02 10 01 00 00 00 00 00                       74B 02 50 01 00 00 00 00 00   ;7
743 02 3E 80 00 00 00 00 00                       74B 02 7e 80 00 00 00 00 00   ;7
743 05 2F 00 33 08 02 00 00                       74B 05 6f 00 33 08 02 00 00   ;7
743 02 10 01 00 00 00 00 00                       74B 02 50 01 00 00 00 00 00   ;7
743 02 3E 80 00 00 00 00 00                       74B 02 7e 80 00 00 00 00 00   ;7
743 04 31 01 D0 01 00 00 00                       74B 04 71 01 D0 01 00 00 00   ;7
743 04 31 03 D0 01 00 00 00                       74B 04 71 03 D0 01 00 00 00   ;7
