783 02 10 01 00 00 00 00 00                       78B 02 50 01 00 00 00 00 00   ;
783 02 3E 80 00 00 00 00 00                       78B 02 7e 80 00 00 00 00 00   ;
783 02 10 01 00 00 00 00 00                       78B 02 50 01 00 00 00 00 00   ;
783 02 3E 80 00 00 00 00 00                       78B 02 7e 80 00 00 00 00 00   ;
783 0B 2E F1 A1 00 00 00 00 00 00 00 55                    78B 0B 6e F1 A1 00 00 00 00 00 00 00 55 ;7
783 0B 2E F1 A1 11 24 07 04 00 38 00 2D                    78B 0B 6e F1 A1 11 24 07 04 00 38 00 2D ;7
783 0B 2E F1 A1 00 00 00 00 00 00 00 55                    78B 0B 6e F1 A1 00 00 00 00 00 00 00 55 ;7
783 0B 2E F1 A1 11 24 07 03 00 38 00 22                    78B 0B 6e F1 A1 11 24 07 03 00 38 00 22 ;7
783 0B 2E F1 A1 00 00 00 00 00 00 00 55                    78B 0B 6e F1 A1 00 00 00 00 00 00 00 55 ;7
783 0B 2E F1 A1 11 24 07 02 00 38 00 23                    78B 0B 6e F1 A1 11 24 07 02 00 38 00 23 ;7
783 0B 2E F1 A1 00 00 00 00 00 00 00 55                    78B 0B 6e F1 A1 00 00 00 00 00 00 00 55 ;7
783 0B 2E F1 A1 11 24 07 01 00 38 00 20                    78B 0B 6e F1 A1 11 24 07 01 00 38 00 20 ;7
783 02 10 01 00 00 00 00 00                       78B 02 50 01 00 00 00 00 00   ;7
783 02 3E 80 00 00 00 00 00                       78B 02 7e 80 00 00 00 00 00   ;7
783 04 31 01 AC 00 00 00 00                       78B 04 71 01 AC 00 00 00 00   ;7
783 04 31 03 AC 00 00 00 00                       78B 04 71 03 AC 00 00 00 00   ;7
