782 02 10 01 00 00 00 00 00                       78A 02 50 01 00 00 00 00 00   ;
782 02 10 01 00 00 00 00 00                       78A 02 50 01 00 00 00 00 00   ;
782 0B 2E F1 A1 FF FF FF FF FF FF FF FF                    78A 0B 6e F1 A1 FF FF FF FF FF FF FF FF ;7
782 0B 2E 21 00 10 95 01 02 00 00 00 FD                    78A 0B 6e 21 00 10 95 01 02 00 00 00 FD ;7
782 02 11 01 00 00 00 00 00                       78A 02 51 01 00 00 00 00 00   ;7
782 0B 2E F1 A1 FF FF FF FF FF FF FF FF                    78A 0B 6e F1 A1 FF FF FF FF FF FF FF FF ;7
782 0B 2E 21 00 10 95 01 01 00 00 00 F2                    78A 0B 6e 21 00 10 95 01 01 00 00 00 F2 ;7
782 02 11 01 00 00 00 00 00                       78A 02 51 01 00 00 00 00 00   ;7
782 0B 2E F1 A1 FF FF FF FF FF FF FF FF                    78A 0B 6e F1 A1 FF FF FF FF FF FF FF FF ;7
782 02 11 01 00 00 00 00 00                       78A 02 51 01 00 00 00 00 00   ;7
782 02 11 01 00 00 00 00 00                       78A 02 51 01 00 00 00 00 00   ;7
782 02 10 01 00 00 00 00 00                       78A 02 50 01 00 00 00 00 00   ;7
782 06 31 01 30 02 01 03 00                       78A 06 71 01 30 02 01 03 00   ;7
782 04 31 03 30 02 00 00 00                       78A 04 71 03 30 02 00 00 00   ;7
782 02 10 01 00 00 00 00 00                       78A 02 50 01 00 00 00 00 00   ;7
782 06 31 01 30 02 02 03 00                       78A 06 71 01 30 02 02 03 00   ;7
782 04 31 03 30 02 00 00 00                       78A 04 71 03 30 02 00 00 00   ;7
782 02 10 01 00 00 00 00 00                       78A 02 50 01 00 00 00 00 00   ;7
782 06 31 01 30 02 03 03 00                       78A 06 71 01 30 02 03 03 00   ;7
782 04 31 03 30 02 00 00 00                       78A 04 71 03 30 02 00 00 00   ;7
782 02 10 01 00 00 00 00 00                       78A 02 50 01 00 00 00 00 00   ;7
782 06 31 01 30 02 04 03 00                       78A 06 71 01 30 02 04 03 00   ;7
782 04 31 03 30 02 00 00 00                       78A 04 71 03 30 02 00 00 00   ;7
782 02 10 01 00 00 00 00 00                       78A 02 50 01 00 00 00 00 00   ;7
782 04 31 01 30 06 00 00 00                       78A 04 71 01 30 06 00 00 00   ;7
782 04 31 03 30 06 00 00 00                       78A 04 71 03 30 06 00 00 00   ;7
782 02 10 01 00 00 00 00 00                       78A 02 50 01 00 00 00 00 00   ;7
782 04 31 01 30 07 00 00 00                       78A 04 71 01 30 07 00 00 00   ;7
782 04 31 03 30 07 00 00 00                       78A 04 71 03 30 07 00 00 00   ;7
