783 02 10 01 00 00 00 00 00                       78B 02 50 01 00 00 00 00 00   ;
783 02 10 01 00 00 00 00 00                       78B 02 50 01 00 00 00 00 00   ;
783 0B 2E F1 A1 00 00 00 00 00 00 00 55                    78B 0B 6e F1 A1 00 00 00 00 00 00 00 55 ;7
783 0B 2E F1 A1 11 0A 78 02 01 00 00 C3                    78B 0B 6e F1 A1 11 0A 78 02 01 00 00 C3 ;7
783 0B 2E F1 A1 00 00 00 00 00 00 00 55                    78B 0B 6e F1 A1 00 00 00 00 00 00 00 55 ;7
783 0B 2E F1 A1 11 0A 78 04 01 00 00 CD                    78B 0B 6e F1 A1 11 0A 78 04 01 00 00 CD ;7
783 0B 2E F1 A1 00 00 00 00 00 00 00 55                    78B 0B 6e F1 A1 00 00 00 00 00 00 00 55 ;7
783 0B 2E F1 A1 11 0A 78 01 01 00 00 C0                    78B 0B 6e F1 A1 11 0A 78 01 01 00 00 C0 ;7
783 0B 2E F1 A1 00 00 00 00 00 00 00 55                    78B 0B 6e F1 A1 00 00 00 00 00 00 00 55 ;7
783 0B 2E F1 A1 11 0A 78 03 01 00 00 C2                    78B 0B 6e F1 A1 11 0A 78 03 01 00 00 C2 ;7
783 02 10 01 00 00 00 00 00                       78B 02 50 01 00 00 00 00 00   ;7
783 04 31 01 AC 00 00 00 00                       78B 04 71 01 AC 00 00 00 00   ;7
783 04 31 03 AC 00 00 00 00                       78B 04 71 03 AC 00 00 00 00   ;7
783 02 10 01 00 00 00 00 00                       78B 02 50 01 00 00 00 00 00   ;7
783 04 31 01 AC 01 00 00 00                       78B 04 71 01 AC 01 00 00 00   ;7
783 04 31 03 AC 01 00 00 00                       78B 04 71 03 AC 01 00 00 00   ;7
