783 02 10 01 00 00 00 00 00                       78B 02 50 01 00 00 00 00 00   ;
783 02 10 01 00 00 00 00 00                       78B 02 50 01 00 00 00 00 00   ;
783 0B 2E F1 A1 00 00 00 00 00 00 00 55                    78B 0B 6e F1 A1 00 00 00 00 00 00 00 55 ;7
783 0B 2E F1 A1 10 80 07 04 00 38 00 86                    78B 0B 6e F1 A1 10 80 07 04 00 38 00 86 ;7
783 0B 2E F1 A1 00 00 00 00 00 00 00 55                    78B 0B 6e F1 A1 00 00 00 00 00 00 00 55 ;7
783 0B 2E F1 A1 10 80 07 03 00 38 00 87                    78B 0B 6e F1 A1 10 80 07 03 00 38 00 87 ;7
783 0B 2E F1 A1 00 00 00 00 00 00 00 55                    78B 0B 6e F1 A1 00 00 00 00 00 00 00 55 ;7
783 0B 2E F1 A1 10 80 07 02 00 38 00 84                    78B 0B 6e F1 A1 10 80 07 02 00 38 00 84 ;7
783 0B 2E F1 A1 00 00 00 00 00 00 00 55                    78B 0B 6e F1 A1 00 00 00 00 00 00 00 55 ;7
783 0B 2E F1 A1 10 80 07 01 00 38 00 85                    78B 0B 6e F1 A1 10 80 07 01 00 38 00 85 ;7
783 02 10 01 00 00 00 00 00                       78B 02 50 01 00 00 00 00 00   ;7
783 04 31 01 AC 00 00 00 00                       78B 04 71 01 AC 00 00 00 00   ;7
783 04 31 03 AC 00 00 00 00                       78B 04 71 03 AC 00 00 00 00   ;7
