783 02 10 01 00 00 00 00 00                       78B 02 50 01 00 00 00 00 00   ;
783 02 10 01 00 00 00 00 00                       78B 02 50 01 00 00 00 00 00   ;
783 02 10 01 00 00 00 00 00                       78B 02 50 01 00 00 00 00 00   ;7
783 04 31 01 AC 00 00 00 00                       78B 04 71 01 AC 00 00 00 00   ;7
783 04 31 03 AC 00 00 00 00                       78B 04 71 03 AC 00 00 00 00   ;7
783 0B 2E F1 A1 00 00 00 00 00 00 00 55                    78B 0B 6e F1 A1 00 00 00 00 00 00 00 55 ;7
783 0B 2E F1 A1 11 16 78 01 00 90 00 65                    78B 0B 6e F1 A1 11 16 78 01 00 90 00 65 ;7
783 0B 2E F1 A1 00 00 00 00 00 00 00 55                    78B 0B 6e F1 A1 00 00 00 00 00 00 00 55 ;7
783 0B 2E F1 A1 11 16 78 02 00 90 00 64                    78B 0B 6e F1 A1 11 16 78 02 00 90 00 64 ;7
783 0B 2E F1 A1 00 00 00 00 00 00 00 55                    78B 0B 6e F1 A1 00 00 00 00 00 00 00 55 ;7
783 0B 2E F1 A1 11 16 78 03 00 90 00 67                    78B 0B 6e F1 A1 11 16 78 03 00 90 00 67 ;7
783 0B 2E F1 A1 00 00 00 00 00 00 00 55                    78B 0B 6e F1 A1 00 00 00 00 00 00 00 55 ;7
783 0B 2E F1 A1 11 16 78 04 00 90 00 66                    78B 0B 6e F1 A1 11 16 78 04 00 90 00 66 ;7
