783 02 10 01 00 00 00 00 00                       78B 02 50 01 00 00 00 00 00   ;
783 02 10 01 00 00 00 00 00                       78B 02 50 01 00 00 00 00 00   ;
783 02 10 01 00 00 00 00 00                       78B 02 50 01 00 00 00 00 00   ;7
783 04 31 01 AC 00 00 00 00                       78B 04 71 01 AC 00 00 00 00   ;7
783 04 31 03 AC 00 00 00 00                       78B 04 71 03 AC 00 00 00 00   ;7
783 0B 2E F1 A1 00 00 00 00 00 00 00 55                    78B 0B 6e F1 A1 00 00 00 00 00 00 00 55 ;7
783 0B 2E F1 A1 10 83 78 01 00 70 00 29                    78B 0B 6e F1 A1 10 83 78 01 00 70 00 29 ;7
783 0B 2E F1 A1 00 00 00 00 00 00 00 55                    78B 0B 6e F1 A1 00 00 00 00 00 00 00 55 ;7
783 0B 2E F1 A1 10 83 78 02 00 70 00 28                    78B 0B 6e F1 A1 10 83 78 02 00 70 00 28 ;7
783 0B 2E F1 A1 00 00 00 00 00 00 00 55                    78B 0B 6e F1 A1 00 00 00 00 00 00 00 55 ;7
783 0B 2E F1 A1 10 83 78 03 00 70 00 2B                    78B 0B 6e F1 A1 10 83 78 03 00 70 00 2B ;7
