7F2 02 10 01 00 00 00 00 00                       7FA 02 50 01 00 00 00 00 00   ;
7F2 02 3E 80 00 00 00 00 00                       7FA 02 7e 80 00 00 00 00 00   ;
7F2 02 10 01 00 00 00 00 00                       7FA 02 50 01 00 00 00 00 00   ;
7F2 02 3E 80 00 00 00 00 00                       7FA 02 7e 80 00 00 00 00 00   ;
7F2 02 10 01 00 00 00 00 00                       7FA 02 50 01 00 00 00 00 00   ;7
7F2 02 3E 80 00 00 00 00 00                       7FA 02 7e 80 00 00 00 00 00   ;7
7F2 04 31 01 F1 A1 00 00 00                       7FA 04 71 01 F1 A1 00 00 00   ;7
7F2 0B 2E F1 A1 10 9D 70 05 00 00 00 77                    7FA 0B 6e F1 A1 10 9D 70 05 00 00 00 77 ;7
7F2 02 10 01 00 00 00 00 00                       7FA 02 50 01 00 00 00 00 00   ;7
7F2 02 3E 80 00 00 00 00 00                       7FA 02 7e 80 00 00 00 00 00   ;7
7F2 04 31 01 F1 A1 00 00 00                       7FA 04 71 01 F1 A1 00 00 00   ;7
7F2 0B 2E F1 A1 10 9D 70 04 00 00 00 74                    7FA 0B 6e F1 A1 10 9D 70 04 00 00 00 74 ;7
7F2 02 10 01 00 00 00 00 00                       7FA 02 50 01 00 00 00 00 00   ;7
7F2 02 3E 80 00 00 00 00 00                       7FA 02 7e 80 00 00 00 00 00   ;7
7F2 04 31 01 F1 A1 00 00 00                       7FA 04 71 01 F1 A1 00 00 00   ;7
7F2 0B 2E F1 A1 10 9D 70 03 00 00 00 75                    7FA 0B 6e F1 A1 10 9D 70 03 00 00 00 75 ;7
7F2 02 10 01 00 00 00 00 00                       7FA 02 50 01 00 00 00 00 00   ;7
7F2 02 3E 80 00 00 00 00 00                       7FA 02 7e 80 00 00 00 00 00   ;7
7F2 04 31 01 F1 A1 00 00 00                       7FA 04 71 01 F1 A1 00 00 00   ;7
7F2 02 10 01 00 00 00 00 00                       7FA 02 50 01 00 00 00 00 00   ;7
7F2 02 3E 80 00 00 00 00 00                       7FA 02 7e 80 00 00 00 00 00   ;7
7F2 05 2E F0 10 00 00 00 00                       7FA 05 6e F0 10 00 00 00 00   ;7
7F2 02 10 01 00 00 00 00 00                       7FA 02 50 01 00 00 00 00 00   ;7
7F2 02 3E 80 00 00 00 00 00                       7FA 02 7e 80 00 00 00 00 00   ;7
7F2 05 2E F0 11 00 00 00 00                       7FA 05 6e F0 11 00 00 00 00   ;7
