783 02 10 01 00 00 00 00 00                       78B 02 50 01 00 00 00 00 00   ;
783 02 3E 80 00 00 00 00 00                       78B 02 7e 80 00 00 00 00 00   ;
783 02 10 01 00 00 00 00 00                       78B 02 50 01 00 00 00 00 00   ;
783 02 3E 80 00 00 00 00 00                       78B 02 7e 80 00 00 00 00 00   ;
783 02 10 01 00 00 00 00 00                       78B 02 50 01 00 00 00 00 00   ;7
783 02 3E 80 00 00 00 00 00                       78B 02 7e 80 00 00 00 00 00   ;7
783 04 31 01 AC 00 55 55 55                       78B 04 71 01 AC 00 55 55 55   ;7
783 04 31 03 AC 00 55 55 55                       78B 04 71 03 AC 00 55 55 55   ;7
783 02 10 01 00 00 00 00 00                       78B 02 50 01 00 00 00 00 00   ;7
783 02 3E 80 00 00 00 00 00                       78B 02 7e 80 00 00 00 00 00   ;7
783 04 31 01 AC 01 55 55 55                       78B 04 71 01 AC 01 55 55 55   ;7
783 04 31 03 AC 01 55 55 55                       78B 04 71 03 AC 01 55 55 55   ;7
