730 02 10 01 00 00 00 00 00                       738 02 50 01 00 00 00 00 00   ;
730 02 3E 80 00 00 00 00 00                       738 02 7e 80 00 00 00 00 00   ;
730 02 10 01 00 00 00 00 00                       738 02 50 01 00 00 00 00 00   ;
730 02 3E 80 00 00 00 00 00                       738 02 7e 80 00 00 00 00 00   ;
730 02 10 01 00 00 00 00 00                       738 02 50 01 00 00 00 00 00   ;7
730 02 3E 80 00 00 00 00 00                       738 02 7e 80 00 00 00 00 00   ;7
730 02 27 01 00 00 00 00 00                       738 02 67 01 00 00 00 00 00   ;7
730 06 27 02 14 F1 3D 60 00                       738 06 67 02 14 F1 3D 60 00   ;7
730 04 2E 00 03 FF 00 00 00                       738 04 6e 00 03 FF 00 00 00   ;7
730 02 11 01 00 00 00 00 00                       738 02 51 01 00 00 00 00 00   ;7
