783 02 10 01 00 00 00 00 00                       78B 02 50 01 00 00 00 00 00   ;
783 02 3E 80 00 00 00 00 00                       78B 02 7e 80 00 00 00 00 00   ;
783 02 10 01 00 00 00 00 00                       78B 02 50 01 00 00 00 00 00   ;
783 02 3E 80 00 00 00 00 00                       78B 02 7e 80 00 00 00 00 00   ;
783 02 10 01 00 00 00 00 00                       78B 02 50 01 00 00 00 00 00   ;7
783 02 3E 80 00 00 00 00 00                       78B 02 7e 80 00 00 00 00 00   ;7
783 04 31 01 AC 00 55 55 55                       78B 04 71 01 AC 00 55 55 55   ;7
783 04 31 03 AC 00 55 55 55                       78B 04 71 03 AC 00 55 55 55   ;7
783 02 10 01 00 00 00 00 00                       78B 02 50 01 00 00 00 00 00   ;7
783 02 3E 80 00 00 00 00 00                       78B 02 7e 80 00 00 00 00 00   ;7
783 07 2E 00 0F 00 00 00 00                       78B 07 6e 00 0F 00 00 00 00   ;7
783 02 10 01 00 00 00 00 00                       78B 02 50 01 00 00 00 00 00   ;7
783 02 3E 80 00 00 00 00 00                       78B 02 7e 80 00 00 00 00 00   ;7
783 0B 2E F1 A1 00 00 00 00 00 00 00 00                    78B 0B 6e F1 A1 00 00 00 00 00 00 00 00 ;7
783 0B 2E F1 A1 00 00 00 00 00 78 00 2D                    78B 0B 6e F1 A1 00 00 00 00 00 78 00 2D ;7
783 02 10 01 00 00 00 00 00                       78B 02 50 01 00 00 00 00 00   ;7
783 02 3E 80 00 00 00 00 00                       78B 02 7e 80 00 00 00 00 00   ;7
783 0B 2E F1 A1 00 00 00 00 00 00 00 00                    78B 0B 6e F1 A1 00 00 00 00 00 00 00 00 ;7
783 0B 2E F1 A1 00 00 00 00 00 78 00 F8                    78B 0B 6e F1 A1 00 00 00 00 00 78 00 F8 ;7
783 02 10 01 00 00 00 00 00                       78B 02 50 01 00 00 00 00 00   ;7
783 02 3E 80 00 00 00 00 00                       78B 02 7e 80 00 00 00 00 00   ;7
783 0B 2E F1 A1 00 00 00 00 00 00 00 00                    78B 0B 6e F1 A1 00 00 00 00 00 00 00 00 ;7
783 0B 2E F1 A1 11 1B 07 03 00 74 00 FF                    78B 0B 6e F1 A1 11 1B 07 03 00 74 00 FF ;7
783 02 10 01 00 00 00 00 00                       78B 02 50 01 00 00 00 00 00   ;7
783 02 3E 80 00 00 00 00 00                       78B 02 7e 80 00 00 00 00 00   ;7
783 0B 2E F1 A1 00 00 00 00 00 00 00 00                    78B 0B 6e F1 A1 00 00 00 00 00 00 00 00 ;7
783 0B 2E F1 A1 00 00 00 00 00 7C 00 29                    78B 0B 6e F1 A1 00 00 00 00 00 7C 00 29 ;7
