743 02 10 01 00 00 00 00 00                       74B 02 50 01 00 00 00 00 00   ;
743 02 3E 80 00 00 00 00 00                       74B 02 7e 80 00 00 00 00 00   ;
743 02 10 01 00 00 00 00 00                       74B 02 50 01 00 00 00 00 00   ;
743 02 3E 80 00 00 00 00 00                       74B 02 7e 80 00 00 00 00 00   ;
743 02 10 01 00 00 00 00 00                       74B 02 50 01 00 00 00 00 00   ;7
743 02 3E 80 00 00 00 00 00                       74B 02 7e 80 00 00 00 00 00   ;7
743 07 2E 00 23 E8 03 00 00                       74B 07 6e 00 23 E8 03 00 00   ;7
743 02 10 01 00 00 00 00 00                       74B 02 50 01 00 00 00 00 00   ;7
743 02 3E 80 00 00 00 00 00                       74B 02 7e 80 00 00 00 00 00   ;7
743 04 31 01 01 00 55 55 55                       74B 04 71 01 01 00 55 55 55   ;7
743 02 10 01 00 00 00 00 00                       74B 02 50 01 00 00 00 00 00   ;7
743 02 3E 80 00 00 00 00 00                       74B 02 7e 80 00 00 00 00 00   ;7
743 04 31 01 D0 01 55 55 55                       74B 04 71 01 D0 01 55 55 55   ;7
743 04 31 03 D0 01 55 55 55                       74B 04 71 03 D0 01 55 55 55   ;7
743 02 10 01 00 00 00 00 00                       74B 02 50 01 00 00 00 00 00   ;7
743 02 3E 80 00 00 00 00 00                       74B 02 7e 80 00 00 00 00 00   ;7
743 03 22 F1 90 00 00 00 00                       74B 03 62 F1 90 00 00 00 00   ;7
743 10 14 2E F1 90 FF FF FF FF FF FF FF FF FF FF FF FF FF FF FF FF FF                    74B 10 54 2E F1 90 FF FF FF FF FF FF FF FF FF FF FF FF FF FF FF FF FF ;7
