720 02 10 01 00 00 00 00 00                       728 02 50 01 00 00 00 00 00   ;
720 02 3E 80 00 00 00 00 00                       728 02 7e 80 00 00 00 00 00   ;
720 02 10 01 00 00 00 00 00                       728 02 50 01 00 00 00 00 00   ;
720 02 3E 80 00 00 00 00 00                       728 02 7e 80 00 00 00 00 00   ;
720 02 10 01 00 00 00 00 00                       728 02 50 01 00 00 00 00 00   ;7
720 02 3E 80 00 00 00 00 00                       728 02 7e 80 00 00 00 00 00   ;7
720 05 2F 41 0C 03 01 55 55                       728 05 6f 41 0C 03 01 55 55   ;7
720 05 2F 41 02 03 64 55 55                       728 05 6f 41 02 03 64 55 55   ;7
720 05 2F 41 07 03 01 55 55                       728 05 6f 41 07 03 01 55 55   ;7
720 02 10 01 00 00 00 00 00                       728 02 50 01 00 00 00 00 00   ;7
720 02 3E 80 00 00 00 00 00                       728 02 7e 80 00 00 00 00 00   ;7
720 04 2F FF 00 00 55 55 55                       728 04 6f FF 00 00 55 55 55   ;7
