782 02 10 01 00 00 00 00 00                       78A 02 50 01 00 00 00 00 00   ;
782 02 3E 80 00 00 00 00 00                       78A 02 7e 80 00 00 00 00 00   ;
782 02 10 01 00 00 00 00 00                       78A 02 50 01 00 00 00 00 00   ;
782 02 3E 80 00 00 00 00 00                       78A 02 7e 80 00 00 00 00 00   ;
782 02 10 01 00 00 00 00 00                       78A 02 50 01 00 00 00 00 00   ;7
782 02 3E 80 00 00 00 00 00                       78A 02 7e 80 00 00 00 00 00   ;7
782 04 31 01 F1 10 55 55 55                       78A 04 71 01 F1 10 55 55 55   ;7
782 04 31 03 F1 10 55 55 55                       78A 04 71 03 F1 10 55 55 55   ;7
782 02 10 01 00 00 00 00 00                       78A 02 50 01 00 00 00 00 00   ;7
782 02 3E 80 00 00 00 00 00                       78A 02 7e 80 00 00 00 00 00   ;7
782 06 31 01 30 02 01 03 55                       78A 06 71 01 30 02 01 03 55   ;7
782 04 31 03 30 02 55 55 55                       78A 04 71 03 30 02 55 55 55   ;7
782 02 10 01 00 00 00 00 00                       78A 02 50 01 00 00 00 00 00   ;7
782 02 3E 80 00 00 00 00 00                       78A 02 7e 80 00 00 00 00 00   ;7
782 06 31 01 30 02 02 03 55                       78A 06 71 01 30 02 02 03 55   ;7
782 04 31 03 30 02 55 55 55                       78A 04 71 03 30 02 55 55 55   ;7
782 02 10 01 00 00 00 00 00                       78A 02 50 01 00 00 00 00 00   ;7
782 02 3E 80 00 00 00 00 00                       78A 02 7e 80 00 00 00 00 00   ;7
782 06 31 01 30 02 03 03 55                       78A 06 71 01 30 02 03 03 55   ;7
782 04 31 03 30 02 55 55 55                       78A 04 71 03 30 02 55 55 55   ;7
782 02 10 01 00 00 00 00 00                       78A 02 50 01 00 00 00 00 00   ;7
782 02 3E 80 00 00 00 00 00                       78A 02 7e 80 00 00 00 00 00   ;7
782 06 31 01 30 02 04 03 55                       78A 06 71 01 30 02 04 03 55   ;7
782 04 31 03 30 02 55 55 55                       78A 04 71 03 30 02 55 55 55   ;7
782 02 10 01 00 00 00 00 00                       78A 02 50 01 00 00 00 00 00   ;7
782 02 3E 80 00 00 00 00 00                       78A 02 7e 80 00 00 00 00 00   ;7
782 04 31 01 30 06 55 55 55                       78A 04 71 01 30 06 55 55 55   ;7
782 04 31 03 30 06 55 55 55                       78A 04 71 03 30 06 55 55 55   ;7
782 02 11 01 55 55 55 55 55                       78A 02 51 01 55 55 55 55 55   ;7
782 02 10 01 00 00 00 00 00                       78A 02 50 01 00 00 00 00 00   ;7
782 02 3E 80 00 00 00 00 00                       78A 02 7e 80 00 00 00 00 00   ;7
782 04 31 01 30 07 55 55 55                       78A 04 71 01 30 07 55 55 55   ;7
782 04 31 03 30 07 55 55 55                       78A 04 71 03 30 07 55 55 55   ;7
782 02 11 01 55 55 55 55 55                       78A 02 51 01 55 55 55 55 55   ;7
782 02 10 01 00 00 00 00 00                       78A 02 50 01 00 00 00 00 00   ;7
782 02 3E 80 00 00 00 00 00                       78A 02 7e 80 00 00 00 00 00   ;7
782 0B 2E 21 00 10 2D 01 01 02 00 00 14                    78A 0B 6e 21 00 10 2D 01 01 02 00 00 14 ;7
782 02 11 01 55 55 55 55 55                       78A 02 51 01 55 55 55 55 55   ;7
782 02 10 01 00 00 00 00 00                       78A 02 50 01 00 00 00 00 00   ;7
782 02 3E 80 00 00 00 00 00                       78A 02 7e 80 00 00 00 00 00   ;7
782 0B 2E 21 00 10 2D 01 01 01 00 00 15                    78A 0B 6e 21 00 10 2D 01 01 01 00 00 15 ;7
782 02 11 01 55 55 55 55 55                       78A 02 51 01 55 55 55 55 55   ;7
782 02 10 01 00 00 00 00 00                       78A 02 50 01 00 00 00 00 00   ;7
782 02 3E 80 00 00 00 00 00                       78A 02 7e 80 00 00 00 00 00   ;7
782 0B 2E 21 00 10 2D 01 01 04 00 00 16                    78A 0B 6e 21 00 10 2D 01 01 04 00 00 16 ;7
782 02 11 01 55 55 55 55 55                       78A 02 51 01 55 55 55 55 55   ;7
782 02 10 01 00 00 00 00 00                       78A 02 50 01 00 00 00 00 00   ;7
782 02 3E 80 00 00 00 00 00                       78A 02 7e 80 00 00 00 00 00   ;7
782 0B 2E 21 00 10 2D 01 01 03 00 00 17                    78A 0B 6e 21 00 10 2D 01 01 03 00 00 17 ;7
782 02 11 01 55 55 55 55 55                       78A 02 51 01 55 55 55 55 55   ;7
782 02 10 01 00 00 00 00 00                       78A 02 50 01 00 00 00 00 00   ;7
782 02 3E 80 00 00 00 00 00                       78A 02 7e 80 00 00 00 00 00   ;7
782 0B 2E 21 00 11 71 01 01 02 00 00 D3                    78A 0B 6e 21 00 11 71 01 01 02 00 00 D3 ;7
782 02 11 01 55 55 55 55 55                       78A 02 51 01 55 55 55 55 55   ;7
782 02 10 01 00 00 00 00 00                       78A 02 50 01 00 00 00 00 00   ;7
782 02 3E 80 00 00 00 00 00                       78A 02 7e 80 00 00 00 00 00   ;7
782 0B 2E 21 00 11 71 01 01 01 00 00 D1                    78A 0B 6e 21 00 11 71 01 01 01 00 00 D1 ;7
782 02 11 01 55 55 55 55 55                       78A 02 51 01 55 55 55 55 55   ;7
782 02 10 01 00 00 00 00 00                       78A 02 50 01 00 00 00 00 00   ;7
782 02 3E 80 00 00 00 00 00                       78A 02 7e 80 00 00 00 00 00   ;7
782 0B 2E F1 A1 FF FF FF FF FF FF FF FF                    78A 0B 6e F1 A1 FF FF FF FF FF FF FF FF ;7
782 02 11 01 55 55 55 55 55                       78A 02 51 01 55 55 55 55 55   ;7
782 02 11 01 55 55 55 55 55                       78A 02 51 01 55 55 55 55 55   ;7
