783 02 10 01 00 00 00 00 00                       78B 02 50 01 00 00 00 00 00   ;
783 02 3E 80 00 00 00 00 00                       78B 02 7e 80 00 00 00 00 00   ;
783 02 10 01 00 00 00 00 00                       78B 02 50 01 00 00 00 00 00   ;
783 02 3E 80 00 00 00 00 00                       78B 02 7e 80 00 00 00 00 00   ;
783 02 10 01 00 00 00 00 00                       78B 02 50 01 00 00 00 00 00   ;7
783 02 3E 80 00 00 00 00 00                       78B 02 7e 80 00 00 00 00 00   ;7
783 04 31 01 AC 00 55 55 55                       78B 04 71 01 AC 00 55 55 55   ;7
783 04 31 03 AC 00 55 55 55                       78B 04 71 03 AC 00 55 55 55   ;7
783 02 10 01 00 00 00 00 00                       78B 02 50 01 00 00 00 00 00   ;7
783 02 3E 80 00 00 00 00 00                       78B 02 7e 80 00 00 00 00 00   ;7
783 07 2E 00 0F 00 00 00 00                       78B 07 6e 00 0F 00 00 00 00   ;7
783 02 10 01 00 00 00 00 00                       78B 02 50 01 00 00 00 00 00   ;7
783 02 3E 80 00 00 00 00 00                       78B 02 7e 80 00 00 00 00 00   ;7
783 03 22 F1 A1 55 55 55 55                       78B 03 62 F1 A1 55 55 55 55   ;7
783 0B 2E F1 A1 00 00 00 00 00 00 00 00                    78B 0B 6e F1 A1 00 00 00 00 00 00 00 00 ;7
783 0B 2E F1 A1 00 00 00 00 01 10 00 44                    78B 0B 6e F1 A1 00 00 00 00 01 10 00 44 ;7
783 02 10 01 00 00 00 00 00                       78B 02 50 01 00 00 00 00 00   ;7
783 02 3E 80 00 00 00 00 00                       78B 02 7e 80 00 00 00 00 00   ;7
783 03 22 F1 A1 55 55 55 55                       78B 03 62 F1 A1 55 55 55 55   ;7
783 0B 2E F1 A1 00 00 00 00 00 00 00 00                    78B 0B 6e F1 A1 00 00 00 00 00 00 00 00 ;7
783 0B 2E F1 A1 00 00 00 00 01 10 00 44                    78B 0B 6e F1 A1 00 00 00 00 01 10 00 44 ;7
783 02 10 01 00 00 00 00 00                       78B 02 50 01 00 00 00 00 00   ;7
783 02 3E 80 00 00 00 00 00                       78B 02 7e 80 00 00 00 00 00   ;7
783 03 22 F1 A1 55 55 55 55                       78B 03 62 F1 A1 55 55 55 55   ;7
783 0B 2E F1 A1 00 00 00 00 00 00 00 00                    78B 0B 6e F1 A1 00 00 00 00 00 00 00 00 ;7
783 0B 2E F1 A1 00 00 00 00 01 10 00 44                    78B 0B 6e F1 A1 00 00 00 00 01 10 00 44 ;7
783 02 10 01 00 00 00 00 00                       78B 02 50 01 00 00 00 00 00   ;7
783 02 3E 80 00 00 00 00 00                       78B 02 7e 80 00 00 00 00 00   ;7
783 03 22 F1 A1 55 55 55 55                       78B 03 62 F1 A1 55 55 55 55   ;7
783 0B 2E F1 A1 00 00 00 00 00 00 00 00                    78B 0B 6e F1 A1 00 00 00 00 00 00 00 00 ;7
783 0B 2E F1 A1 00 00 00 00 01 14 00 40                    78B 0B 6e F1 A1 00 00 00 00 01 14 00 40 ;7
783 02 10 01 00 00 00 00 00                       78B 02 50 01 00 00 00 00 00   ;7
783 02 3E 80 00 00 00 00 00                       78B 02 7e 80 00 00 00 00 00   ;7
783 03 22 F1 A1 55 55 55 55                       78B 03 62 F1 A1 55 55 55 55   ;7
783 0B 2E F1 A1 00 00 00 00 00 00 00 00                    78B 0B 6e F1 A1 00 00 00 00 00 00 00 00 ;7
783 0B 2E F1 A1 00 00 00 00 01 14 00 40                    78B 0B 6e F1 A1 00 00 00 00 01 14 00 40 ;7
783 02 10 01 00 00 00 00 00                       78B 02 50 01 00 00 00 00 00   ;7
783 02 3E 80 00 00 00 00 00                       78B 02 7e 80 00 00 00 00 00   ;7
783 03 22 F1 A1 55 55 55 55                       78B 03 62 F1 A1 55 55 55 55   ;7
783 0B 2E F1 A1 00 00 00 00 00 00 00 00                    78B 0B 6e F1 A1 00 00 00 00 00 00 00 00 ;7
783 0B 2E F1 A1 11 12 78 01 01 10 00 F8                    78B 0B 6e F1 A1 11 12 78 01 01 10 00 F8 ;7
783 02 10 01 00 00 00 00 00                       78B 02 50 01 00 00 00 00 00   ;7
783 02 3E 80 00 00 00 00 00                       78B 02 7e 80 00 00 00 00 00   ;7
783 03 22 F1 A1 55 55 55 55                       78B 03 62 F1 A1 55 55 55 55   ;7
783 0B 2E F1 A1 00 00 00 00 00 00 00 00                    78B 0B 6e F1 A1 00 00 00 00 00 00 00 00 ;7
783 0B 2E F1 A1 11 12 78 02 01 10 00 FB                    78B 0B 6e F1 A1 11 12 78 02 01 10 00 FB ;7
783 02 10 01 00 00 00 00 00                       78B 02 50 01 00 00 00 00 00   ;7
783 02 3E 80 00 00 00 00 00                       78B 02 7e 80 00 00 00 00 00   ;7
783 03 22 F1 A1 55 55 55 55                       78B 03 62 F1 A1 55 55 55 55   ;7
783 0B 2E F1 A1 00 00 00 00 00 00 00 00                    78B 0B 6e F1 A1 00 00 00 00 00 00 00 00 ;7
783 0B 2E F1 A1 11 10 78 03 01 10 00 FA                    78B 0B 6e F1 A1 11 10 78 03 01 10 00 FA ;7
783 02 10 01 00 00 00 00 00                       78B 02 50 01 00 00 00 00 00   ;7
783 02 3E 80 00 00 00 00 00                       78B 02 7e 80 00 00 00 00 00   ;7
783 03 22 F1 A1 55 55 55 55                       78B 03 62 F1 A1 55 55 55 55   ;7
783 0B 2E F1 A1 00 00 00 00 00 00 00 00                    78B 0B 6e F1 A1 00 00 00 00 00 00 00 00 ;7
783 0B 2E F1 A1 11 12 78 05 01 14 00 E0                    78B 0B 6e F1 A1 11 12 78 05 01 14 00 E0 ;7
