7C2 02 10 01 00 00 00 00 00                       7CA 02 50 01 00 00 00 00 00   ;
7C2 02 3E 80 00 00 00 00 00                       7CA 02 7e 80 00 00 00 00 00   ;
7C2 02 10 01 00 00 00 00 00                       7CA 02 50 01 00 00 00 00 00   ;
7C2 02 3E 80 00 00 00 00 00                       7CA 02 7e 80 00 00 00 00 00   ;
7C2 02 10 01 00 00 00 00 00                       7CA 02 50 01 00 00 00 00 00   ;7
7C2 02 3E 80 00 00 00 00 00                       7CA 02 7e 80 00 00 00 00 00   ;7
7C2 04 31 01 F1 A1 00 00 00                       7CA 04 71 01 F1 A1 00 00 00   ;7
7C2 02 11 01 00 00 00 00 00                       7CA 02 51 01 00 00 00 00 00   ;7
7C2 0B 2E F1 A1 11 1E 38 05 00 00 00 39                    7CA 0B 6e F1 A1 11 1E 38 05 00 00 00 39 ;7
7C2 02 11 01 00 00 00 00 00                       7CA 02 51 01 00 00 00 00 00   ;7
7C2 02 10 01 00 00 00 00 00                       7CA 02 50 01 00 00 00 00 00   ;7
7C2 02 3E 80 00 00 00 00 00                       7CA 02 7e 80 00 00 00 00 00   ;7
7C2 04 31 01 F1 A1 00 00 00                       7CA 04 71 01 F1 A1 00 00 00   ;7
