783 02 10 01 00 00 00 00 00                       78B 02 50 01 00 00 00 00 00   ;
783 02 3E 80 00 00 00 00 00                       78B 02 7e 80 00 00 00 00 00   ;
783 02 10 01 00 00 00 00 00                       78B 02 50 01 00 00 00 00 00   ;
783 02 3E 80 00 00 00 00 00                       78B 02 7e 80 00 00 00 00 00   ;
783 02 10 01 00 00 00 00 00                       78B 02 50 01 00 00 00 00 00   ;7
783 02 3E 80 00 00 00 00 00                       78B 02 7e 80 00 00 00 00 00   ;7
783 0B 2E F1 A1 00 00 00 00 00 00 00 00                    78B 0B 6e F1 A1 00 00 00 00 00 00 00 00 ;7
783 0B 2E F1 A1 11 1E 07 01 00 30 00 32                    78B 0B 6e F1 A1 11 1E 07 01 00 30 00 32 ;7
783 02 10 01 00 00 00 00 00                       78B 02 50 01 00 00 00 00 00   ;7
783 02 3E 80 00 00 00 00 00                       78B 02 7e 80 00 00 00 00 00   ;7
783 0B 2E F1 A1 00 00 00 00 00 00 00 00                    78B 0B 6e F1 A1 00 00 00 00 00 00 00 00 ;7
783 0B 2E F1 A1 11 1E 07 02 00 30 00 3D                    78B 0B 6e F1 A1 11 1E 07 02 00 30 00 3D ;7
783 02 10 01 00 00 00 00 00                       78B 02 50 01 00 00 00 00 00   ;7
783 02 3E 80 00 00 00 00 00                       78B 02 7e 80 00 00 00 00 00   ;7
783 0B 2E F1 A1 00 00 00 00 00 00 00 00                    78B 0B 6e F1 A1 00 00 00 00 00 00 00 00 ;7
783 0B 2E F1 A1 11 1E 07 03 00 30 00 3C                    78B 0B 6e F1 A1 11 1E 07 03 00 30 00 3C ;7
783 02 10 01 00 00 00 00 00                       78B 02 50 01 00 00 00 00 00   ;7
783 02 3E 80 00 00 00 00 00                       78B 02 7e 80 00 00 00 00 00   ;7
783 0B 2E F1 A1 00 00 00 00 00 00 00 00                    78B 0B 6e F1 A1 00 00 00 00 00 00 00 00 ;7
783 0B 2E F1 A1 11 1E 07 04 00 30 00 3F                    78B 0B 6e F1 A1 11 1E 07 04 00 30 00 3F ;7
783 02 10 01 00 00 00 00 00                       78B 02 50 01 00 00 00 00 00   ;7
783 02 3E 80 00 00 00 00 00                       78B 02 7e 80 00 00 00 00 00   ;7
783 0B 2E F1 A1 00 00 00 00 00 00 00 00                    78B 0B 6e F1 A1 00 00 00 00 00 00 00 00 ;7
783 0B 2E F1 A1 11 1E 78 00 05 10 00 E9                    78B 0B 6e F1 A1 11 1E 78 00 05 10 00 E9 ;7
783 02 10 01 00 00 00 00 00                       78B 02 50 01 00 00 00 00 00   ;7
783 02 3E 80 00 00 00 00 00                       78B 02 7e 80 00 00 00 00 00   ;7
783 04 31 01 AC 00 55 55 55                       78B 04 71 01 AC 00 55 55 55   ;7
783 04 31 03 AC 00 55 55 55                       78B 04 71 03 AC 00 55 55 55   ;7
