7E1 02 10 01 00 00 00 00 00                       7E9 02 50 01 00 00 00 00 00   ;
7E1 02 3E 80 00 00 00 00 00                       7E9 02 7e 80 00 00 00 00 00   ;
7E1 02 10 01 00 00 00 00 00                       7E9 02 50 01 00 00 00 00 00   ;
7E1 02 3E 80 00 00 00 00 00                       7E9 02 7e 80 00 00 00 00 00   ;
7E1 02 10 01 00 00 00 00 00                       7E9 02 50 01 00 00 00 00 00   ;7
7E1 02 3E 80 00 00 00 00 00                       7E9 02 7e 80 00 00 00 00 00   ;7
7E1 04 31 01 D0 01 55 55 55                       7E9 04 71 01 D0 01 55 55 55   ;7
7E1 02 10 01 00 00 00 00 00                       7E9 02 50 01 00 00 00 00 00   ;7
7E1 02 3E 80 00 00 00 00 00                       7E9 02 7e 80 00 00 00 00 00   ;7
7E1 04 31 01 D0 02 55 55 55                       7E9 04 71 01 D0 02 55 55 55   ;7
7E1 02 10 01 00 00 00 00 00                       7E9 02 50 01 00 00 00 00 00   ;7
7E1 02 3E 80 00 00 00 00 00                       7E9 02 7e 80 00 00 00 00 00   ;7
7E1 04 31 01 D0 03 55 55 55                       7E9 04 71 01 D0 03 55 55 55   ;7
7E1 02 10 01 00 00 00 00 00                       7E9 02 50 01 00 00 00 00 00   ;7
7E1 02 3E 80 00 00 00 00 00                       7E9 02 7e 80 00 00 00 00 00   ;7
7E1 04 31 01 D0 04 55 55 55                       7E9 04 71 01 D0 04 55 55 55   ;7
7E1 02 10 01 00 00 00 00 00                       7E9 02 50 01 00 00 00 00 00   ;7
7E1 02 3E 80 00 00 00 00 00                       7E9 02 7e 80 00 00 00 00 00   ;7
7E1 04 31 01 D0 05 55 55 55                       7E9 04 71 01 D0 05 55 55 55   ;7
7E1 02 10 01 00 00 00 00 00                       7E9 02 50 01 00 00 00 00 00   ;7
7E1 02 3E 80 00 00 00 00 00                       7E9 02 7e 80 00 00 00 00 00   ;7
7E1 04 31 01 D0 06 55 55 55                       7E9 04 71 01 D0 06 55 55 55   ;7
7E1 02 10 01 00 00 00 00 00                       7E9 02 50 01 00 00 00 00 00   ;7
7E1 02 3E 80 00 00 00 00 00                       7E9 02 7e 80 00 00 00 00 00   ;7
7E1 04 31 01 D0 07 55 55 55                       7E9 04 71 01 D0 07 55 55 55   ;7
7E1 02 10 01 00 00 00 00 00                       7E9 02 50 01 00 00 00 00 00   ;7
7E1 02 3E 80 00 00 00 00 00                       7E9 02 7e 80 00 00 00 00 00   ;7
7E1 04 31 01 D0 08 55 55 55                       7E9 04 71 01 D0 08 55 55 55   ;7
7E1 02 10 01 00 00 00 00 00                       7E9 02 50 01 00 00 00 00 00   ;7
7E1 02 3E 80 00 00 00 00 00                       7E9 02 7e 80 00 00 00 00 00   ;7
7E1 04 31 01 D0 09 55 55 55                       7E9 04 71 01 D0 09 55 55 55   ;7
7E1 02 10 01 00 00 00 00 00                       7E9 02 50 01 00 00 00 00 00   ;7
7E1 02 3E 80 00 00 00 00 00                       7E9 02 7e 80 00 00 00 00 00   ;7
7E1 04 31 01 D0 0A 55 55 55                       7E9 04 71 01 D0 0A 55 55 55   ;7
7E1 02 10 01 00 00 00 00 00                       7E9 02 50 01 00 00 00 00 00   ;7
7E1 02 3E 80 00 00 00 00 00                       7E9 02 7e 80 00 00 00 00 00   ;7
7E1 04 31 01 D0 0B 55 55 55                       7E9 04 71 01 D0 0B 55 55 55   ;7
7E1 02 10 01 00 00 00 00 00                       7E9 02 50 01 00 00 00 00 00   ;7
7E1 02 3E 80 00 00 00 00 00                       7E9 02 7e 80 00 00 00 00 00   ;7
7E1 04 31 01 D0 0C 55 55 55                       7E9 04 71 01 D0 0C 55 55 55   ;7
