710 02 10 01 00 00 00 00 00                       718 02 50 01 00 00 00 00 00   ;
710 02 3E 80 00 00 00 00 00                       718 02 7e 80 00 00 00 00 00   ;
710 02 10 01 00 00 00 00 00                       718 02 50 01 00 00 00 00 00   ;
710 02 3E 80 00 00 00 00 00                       718 02 7e 80 00 00 00 00 00   ;
710 02 10 01 00 00 00 00 00                       718 02 50 01 00 00 00 00 00   ;7
710 02 3E 80 00 00 00 00 00                       718 02 7e 80 00 00 00 00 00   ;7
710 02 27 01 00 00 00 00 00                       718 02 67 01 00 00 00 00 00   ;7
710 06 27 02 14 F1 3D 69 00                       718 06 67 02 14 F1 3D 69 00   ;7
710 0B 2E F1 A1 FF FF FF FF FF FF FF FF                    718 0B 6e F1 A1 FF FF FF FF FF FF FF FF ;7
710 02 11 01 55 55 55 55 55                       718 02 51 01 55 55 55 55 55   ;7
710 02 10 01 00 00 00 00 00                       718 02 50 01 00 00 00 00 00   ;7
710 02 3E 80 00 00 00 00 00                       718 02 7e 80 00 00 00 00 00   ;7
710 02 27 01 00 00 00 00 00                       718 02 67 01 00 00 00 00 00   ;7
710 06 27 02 14 F1 3D 69 00                       718 06 67 02 14 F1 3D 69 00   ;7
710 0B 2E F1 A1 10 6B 03 01 00 00 00 2A                    718 0B 6e F1 A1 10 6B 03 01 00 00 00 2A ;7
710 02 11 01 55 55 55 55 55                       718 02 51 01 55 55 55 55 55   ;7
710 03 22 F1 A1 55 55 55 55                       718 03 62 F1 A1 55 55 55 55   ;7
710 02 10 01 00 00 00 00 00                       718 02 50 01 00 00 00 00 00   ;7
710 02 3E 80 00 00 00 00 00                       718 02 7e 80 00 00 00 00 00   ;7
710 02 27 01 00 00 00 00 00                       718 02 67 01 00 00 00 00 00   ;7
710 06 27 02 14 F1 3D 69 00                       718 06 67 02 14 F1 3D 69 00   ;7
710 0B 2E F1 A1 10 6B 03 02 00 00 00 D5                    718 0B 6e F1 A1 10 6B 03 02 00 00 00 D5 ;7
710 02 11 01 55 55 55 55 55                       718 02 51 01 55 55 55 55 55   ;7
710 03 22 F1 A1 55 55 55 55                       718 03 62 F1 A1 55 55 55 55   ;7
710 02 10 01 00 00 00 00 00                       718 02 50 01 00 00 00 00 00   ;7
710 02 3E 80 00 00 00 00 00                       718 02 7e 80 00 00 00 00 00   ;7
710 02 27 01 00 00 00 00 00                       718 02 67 01 00 00 00 00 00   ;7
710 06 27 02 14 F1 3D 69 00                       718 06 67 02 14 F1 3D 69 00   ;7
710 0B 2E F1 A1 10 6B 03 03 00 00 00 D4                    718 0B 6e F1 A1 10 6B 03 03 00 00 00 D4 ;7
710 02 11 01 55 55 55 55 55                       718 02 51 01 55 55 55 55 55   ;7
710 03 22 F1 A1 55 55 55 55                       718 03 62 F1 A1 55 55 55 55   ;7
710 02 10 01 00 00 00 00 00                       718 02 50 01 00 00 00 00 00   ;7
710 02 3E 80 00 00 00 00 00                       718 02 7e 80 00 00 00 00 00   ;7
710 02 27 01 00 00 00 00 00                       718 02 67 01 00 00 00 00 00   ;7
710 06 27 02 14 F1 3D 69 00                       718 06 67 02 14 F1 3D 69 00   ;7
710 0B 2E F1 A1 10 6B 03 02 00 00 00 D5                    718 0B 6e F1 A1 10 6B 03 02 00 00 00 D5 ;7
710 02 11 01 55 55 55 55 55                       718 02 51 01 55 55 55 55 55   ;7
710 03 22 F1 A1 55 55 55 55                       718 03 62 F1 A1 55 55 55 55   ;7
