780 02 10 01 00 00 00 00 00                       788 02 50 01 00 00 00 00 00   ;
780 02 3E 80 00 00 00 00 00                       788 02 7e 80 00 00 00 00 00   ;
780 02 10 01 00 00 00 00 00                       788 02 50 01 00 00 00 00 00   ;
780 02 3E 80 00 00 00 00 00                       788 02 7e 80 00 00 00 00 00   ;
780 02 10 01 00 00 00 00 00                       788 02 50 01 00 00 00 00 00   ;7
780 02 3E 80 00 00 00 00 00                       788 02 7e 80 00 00 00 00 00   ;7
780 02 27 21 00 00 00 00 00                       788 02 67 21 00 00 00 00 00   ;7
780 06 27 22 14 F1 3D 69 00                       788 06 67 22 14 F1 3D 69 00   ;7
780 04 31 01 F1 A0 55 55 55                       788 04 71 01 F1 A0 55 55 55   ;7
780 10 1F 2E F1 A0 31 31 31 31 31 31 31 31 31 31 31 31 31 31 31 31 31 31 31 31 31 31 31 31 31 31 31 31                    788 10 5f 2E F1 A0 31 31 31 31 31 31 31 31 31 31 31 31 31 31 31 31 31 31 31 31 31 31 31 31 31 31 31 31 ;7
