7C2 02 10 01 00 00 00 00 00                       7CA 02 50 01 00 00 00 00 00   ;
7C2 02 3E 80 00 00 00 00 00                       7CA 02 7e 80 00 00 00 00 00   ;
7C2 02 10 01 00 00 00 00 00                       7CA 02 50 01 00 00 00 00 00   ;
7C2 02 3E 80 00 00 00 00 00                       7CA 02 7e 80 00 00 00 00 00   ;
7C2 02 10 01 00 00 00 00 00                       7CA 02 50 01 00 00 00 00 00   ;7
7C2 02 3E 80 00 00 00 00 00                       7CA 02 7e 80 00 00 00 00 00   ;7
7C2 04 31 01 F1 A1 00 00 00                       7CA 04 71 01 F1 A1 00 00 00   ;7
7C2 0B 2E F1 A1 10 97 38 05 00 00 00 B1                    7CA 0B 6e F1 A1 10 97 38 05 00 00 00 B1 ;7
7C2 02 10 01 00 00 00 00 00                       7CA 02 50 01 00 00 00 00 00   ;7
7C2 02 3E 80 00 00 00 00 00                       7CA 02 7e 80 00 00 00 00 00   ;7
7C2 04 31 01 F1 A1 00 00 00                       7CA 04 71 01 F1 A1 00 00 00   ;7
7C2 0B 2E F1 A1 10 98 38 05 00 00 00 B0                    7CA 0B 6e F1 A1 10 98 38 05 00 00 00 B0 ;7
7C2 02 10 01 00 00 00 00 00                       7CA 02 50 01 00 00 00 00 00   ;7
7C2 02 3E 80 00 00 00 00 00                       7CA 02 7e 80 00 00 00 00 00   ;7
7C2 04 31 01 F1 A1 00 00 00                       7CA 04 71 01 F1 A1 00 00 00   ;7
