783 02 10 01 00 00 00 00 00                       78B 02 50 01 00 00 00 00 00   ;
783 02 3E 80 00 00 00 00 00                       78B 02 7e 80 00 00 00 00 00   ;
783 02 10 01 00 00 00 00 00                       78B 02 50 01 00 00 00 00 00   ;
783 02 3E 80 00 00 00 00 00                       78B 02 7e 80 00 00 00 00 00   ;
783 02 10 01 00 00 00 00 00                       78B 02 50 01 00 00 00 00 00   ;7
783 02 3E 80 00 00 00 00 00                       78B 02 7e 80 00 00 00 00 00   ;7
783 02 27 01 00 00 00 00 00                       78B 02 67 01 00 00 00 00 00   ;7
783 06 27 02 14 F1 3C 5E 00                       78B 06 67 02 14 F1 3C 5E 00   ;7
783 04 31 01 AC 00 55 55 55                       78B 04 71 01 AC 00 55 55 55   ;7
783 04 31 03 AC 00 55 55 55                       78B 04 71 03 AC 00 55 55 55   ;7
783 02 10 01 00 00 00 00 00                       78B 02 50 01 00 00 00 00 00   ;7
783 02 3E 80 00 00 00 00 00                       78B 02 7e 80 00 00 00 00 00   ;7
783 02 27 01 00 00 00 00 00                       78B 02 67 01 00 00 00 00 00   ;7
783 06 27 02 14 F1 3C 5E 00                       78B 06 67 02 14 F1 3C 5E 00   ;7
783 0B 2E F1 A1 00 00 00 00 00 00 00 00                    78B 0B 6e F1 A1 00 00 00 00 00 00 00 00 ;7
783 0B 2E F1 A1 10 6B 78 00 03 30 00 73                    78B 0B 6e F1 A1 10 6B 78 00 03 30 00 73 ;7
783 02 10 01 00 00 00 00 00                       78B 02 50 01 00 00 00 00 00   ;7
783 02 3E 80 00 00 00 00 00                       78B 02 7e 80 00 00 00 00 00   ;7
783 02 27 01 00 00 00 00 00                       78B 02 67 01 00 00 00 00 00   ;7
783 06 27 02 14 F1 3C 5E 00                       78B 06 67 02 14 F1 3C 5E 00   ;7
783 0B 2E F1 A1 00 00 00 00 00 00 00 00                    78B 0B 6e F1 A1 00 00 00 00 00 00 00 00 ;7
783 0B 2E F1 A1 10 6B 78 00 03 34 00 7F                    78B 0B 6e F1 A1 10 6B 78 00 03 34 00 7F ;7
783 02 10 01 00 00 00 00 00                       78B 02 50 01 00 00 00 00 00   ;7
783 02 3E 80 00 00 00 00 00                       78B 02 7e 80 00 00 00 00 00   ;7
783 02 27 01 00 00 00 00 00                       78B 02 67 01 00 00 00 00 00   ;7
783 06 27 02 14 F1 3C 5E 00                       78B 06 67 02 14 F1 3C 5E 00   ;7
783 0B 2E F1 A1 00 00 00 00 00 00 00 00                    78B 0B 6e F1 A1 00 00 00 00 00 00 00 00 ;7
783 0B 2E F1 A1 10 6B 78 00 03 34 00 7F                    78B 0B 6e F1 A1 10 6B 78 00 03 34 00 7F ;7
783 02 10 01 00 00 00 00 00                       78B 02 50 01 00 00 00 00 00   ;7
783 02 3E 80 00 00 00 00 00                       78B 02 7e 80 00 00 00 00 00   ;7
783 02 27 01 00 00 00 00 00                       78B 02 67 01 00 00 00 00 00   ;7
783 06 27 02 14 F1 3C 5E 00                       78B 06 67 02 14 F1 3C 5E 00   ;7
783 0B 2E F1 A1 00 00 00 00 00 00 00 00                    78B 0B 6e F1 A1 00 00 00 00 00 00 00 00 ;7
783 0B 2E F1 A1 10 6B 78 00 03 36 00 79                    78B 0B 6e F1 A1 10 6B 78 00 03 36 00 79 ;7
783 02 10 01 00 00 00 00 00                       78B 02 50 01 00 00 00 00 00   ;7
783 02 3E 80 00 00 00 00 00                       78B 02 7e 80 00 00 00 00 00   ;7
783 02 27 01 00 00 00 00 00                       78B 02 67 01 00 00 00 00 00   ;7
783 06 27 02 14 F1 3C 5E 00                       78B 06 67 02 14 F1 3C 5E 00   ;7
783 0B 2E F1 A1 00 00 00 00 00 00 00 00                    78B 0B 6e F1 A1 00 00 00 00 00 00 00 00 ;7
783 0B 2E F1 A1 10 6B 07 00 02 36 00 EF                    78B 0B 6e F1 A1 10 6B 07 00 02 36 00 EF ;7
783 02 10 01 00 00 00 00 00                       78B 02 50 01 00 00 00 00 00   ;7
783 02 3E 80 00 00 00 00 00                       78B 02 7e 80 00 00 00 00 00   ;7
783 02 27 01 00 00 00 00 00                       78B 02 67 01 00 00 00 00 00   ;7
783 06 27 02 14 F1 3C 5E 00                       78B 06 67 02 14 F1 3C 5E 00   ;7
783 0B 2E F1 A1 00 00 00 00 00 00 00 00                    78B 0B 6e F1 A1 00 00 00 00 00 00 00 00 ;7
783 0B 2E F1 A1 10 6B 78 00 03 38 00 7B                    78B 0B 6e F1 A1 10 6B 78 00 03 38 00 7B ;7
