7B5 02 10 01 00 00 00 00 00                       7BD 02 50 01 00 00 00 00 00   ;
7B5 02 3E 80 00 00 00 00 00                       7BD 02 7e 80 00 00 00 00 00   ;
7B5 02 10 01 00 00 00 00 00                       7BD 02 50 01 00 00 00 00 00   ;
7B5 02 3E 80 00 00 00 00 00                       7BD 02 7e 80 00 00 00 00 00   ;
7B5 02 10 01 00 00 00 00 00                       7BD 02 50 01 00 00 00 00 00   ;7
7B5 02 3E 80 00 00 00 00 00                       7BD 02 7e 80 00 00 00 00 00   ;7
7B5 02 27 01 00 00 00 00 00                       7BD 02 67 01 00 00 00 00 00   ;7
7B5 06 27 02 14 F1 3D 4C 00                       7BD 06 67 02 14 F1 3D 4C 00   ;7
7B5 04 31 01 D0 01 55 55 55                       7BD 04 71 01 D0 01 55 55 55   ;7
7B5 04 31 03 D0 01 55 55 55                       7BD 04 71 03 D0 01 55 55 55   ;7
