743 02 10 01 00 00 00 00 00                       74B 02 50 01 00 00 00 00 00   ;
743 02 3E 80 00 00 00 00 00                       74B 02 7e 80 00 00 00 00 00   ;
743 02 10 01 00 00 00 00 00                       74B 02 50 01 00 00 00 00 00   ;
743 02 3E 80 00 00 00 00 00                       74B 02 7e 80 00 00 00 00 00   ;
743 02 10 01 00 00 00 00 00                       74B 02 50 01 00 00 00 00 00   ;7
743 02 3E 80 00 00 00 00 00                       74B 02 7e 80 00 00 00 00 00   ;7
743 04 31 01 D0 01 55 55 55                       74B 04 71 01 D0 01 55 55 55   ;7
743 04 31 03 D0 01 55 55 55                       74B 04 71 03 D0 01 55 55 55   ;7
743 02 10 01 00 00 00 00 00                       74B 02 50 01 00 00 00 00 00   ;7
743 02 3E 80 00 00 00 00 00                       74B 02 7e 80 00 00 00 00 00   ;7
743 05 2F 00 33 08 00 55 55                       74B 05 6f 00 33 08 00 55 55   ;7
743 02 10 01 00 00 00 00 00                       74B 02 50 01 00 00 00 00 00   ;7
743 02 3E 80 00 00 00 00 00                       74B 02 7e 80 00 00 00 00 00   ;7
743 05 2F 00 33 08 01 55 55                       74B 05 6f 00 33 08 01 55 55   ;7
743 02 10 01 00 00 00 00 00                       74B 02 50 01 00 00 00 00 00   ;7
743 02 3E 80 00 00 00 00 00                       74B 02 7e 80 00 00 00 00 00   ;7
743 05 2F 00 33 08 02 55 55                       74B 05 6f 00 33 08 02 55 55   ;7
743 02 10 01 00 00 00 00 00                       74B 02 50 01 00 00 00 00 00   ;7
743 02 3E 80 00 00 00 00 00                       74B 02 7e 80 00 00 00 00 00   ;7
743 05 2F 00 34 08 00 55 55                       74B 05 6f 00 34 08 00 55 55   ;7
743 02 10 01 00 00 00 00 00                       74B 02 50 01 00 00 00 00 00   ;7
743 02 3E 80 00 00 00 00 00                       74B 02 7e 80 00 00 00 00 00   ;7
743 05 2F 00 34 08 01 55 55                       74B 05 6f 00 34 08 01 55 55   ;7
743 02 10 01 00 00 00 00 00                       74B 02 50 01 00 00 00 00 00   ;7
743 02 3E 80 00 00 00 00 00                       74B 02 7e 80 00 00 00 00 00   ;7
743 05 2F 00 34 08 02 55 55                       74B 05 6f 00 34 08 02 55 55   ;7
743 02 10 01 00 00 00 00 00                       74B 02 50 01 00 00 00 00 00   ;7
743 02 3E 80 00 00 00 00 00                       74B 02 7e 80 00 00 00 00 00   ;7
743 04 31 01 F1 A1 55 55 55                       74B 04 71 01 F1 A1 55 55 55   ;7
743 0B 2E F1 A1 10 80 7E 00 00 00 01 5A                    74B 0B 6e F1 A1 10 80 7E 00 00 00 01 5A ;7
743 02 10 01 00 00 00 00 00                       74B 02 50 01 00 00 00 00 00   ;7
743 02 3E 80 00 00 00 00 00                       74B 02 7e 80 00 00 00 00 00   ;7
743 04 31 01 F1 A1 55 55 55                       74B 04 71 01 F1 A1 55 55 55   ;7
743 0B 2E F1 A1 10 80 7E 00 00 00 06 41                    74B 0B 6e F1 A1 10 80 7E 00 00 00 06 41 ;7
