754 02 10 01 00 00 00 00 00                       75C 02 50 01 00 00 00 00 00   ;
754 02 3E 80 00 00 00 00 00                       75C 02 7e 80 00 00 00 00 00   ;
754 02 10 01 00 00 00 00 00                       75C 02 50 01 00 00 00 00 00   ;
754 02 3E 80 00 00 00 00 00                       75C 02 7e 80 00 00 00 00 00   ;
754 02 10 01 00 00 00 00 00                       75C 02 50 01 00 00 00 00 00   ;7
754 02 3E 80 00 00 00 00 00                       75C 02 7e 80 00 00 00 00 00   ;7
754 02 27 01 00 00 00 00 00                       75C 02 67 01 00 00 00 00 00   ;7
754 06 27 02 14 F1 3D 7B 00                       75C 06 67 02 14 F1 3D 7B 00   ;7
754 07 2E 00 08 00 00 00 2C                       75C 07 6e 00 08 00 00 00 2C   ;7
754 02 10 01 00 00 00 00 00                       75C 02 50 01 00 00 00 00 00   ;7
754 02 3E 80 00 00 00 00 00                       75C 02 7e 80 00 00 00 00 00   ;7
754 02 27 01 00 00 00 00 00                       75C 02 67 01 00 00 00 00 00   ;7
754 06 27 02 14 F1 3D 7B 00                       75C 06 67 02 14 F1 3D 7B 00   ;7
754 07 2E 00 09 00 00 00 2C                       75C 07 6e 00 09 00 00 00 2C   ;7
754 02 10 01 00 00 00 00 00                       75C 02 50 01 00 00 00 00 00   ;7
754 02 3E 80 00 00 00 00 00                       75C 02 7e 80 00 00 00 00 00   ;7
754 02 27 01 00 00 00 00 00                       75C 02 67 01 00 00 00 00 00   ;7
754 06 27 02 14 F1 3D 7B 00                       75C 06 67 02 14 F1 3D 7B 00   ;7
754 07 2E 00 0A 00 00 00 2C                       75C 07 6e 00 0A 00 00 00 2C   ;7
754 02 10 01 00 00 00 00 00                       75C 02 50 01 00 00 00 00 00   ;7
754 02 3E 80 00 00 00 00 00                       75C 02 7e 80 00 00 00 00 00   ;7
754 02 27 01 00 00 00 00 00                       75C 02 67 01 00 00 00 00 00   ;7
754 06 27 02 14 F1 3D 7B 00                       75C 06 67 02 14 F1 3D 7B 00   ;7
754 07 2E 00 0B 00 00 00 2C                       75C 07 6e 00 0B 00 00 00 2C   ;7
754 02 10 01 00 00 00 00 00                       75C 02 50 01 00 00 00 00 00   ;7
754 02 3E 80 00 00 00 00 00                       75C 02 7e 80 00 00 00 00 00   ;7
754 02 27 01 00 00 00 00 00                       75C 02 67 01 00 00 00 00 00   ;7
754 06 27 02 14 F1 3D 7B 00                       75C 06 67 02 14 F1 3D 7B 00   ;7
754 05 2F 00 01 08 00 55 55                       75C 05 6f 00 01 08 00 55 55   ;7
754 02 10 01 00 00 00 00 00                       75C 02 50 01 00 00 00 00 00   ;7
754 02 3E 80 00 00 00 00 00                       75C 02 7e 80 00 00 00 00 00   ;7
754 02 27 01 00 00 00 00 00                       75C 02 67 01 00 00 00 00 00   ;7
754 06 27 02 14 F1 3D 7B 00                       75C 06 67 02 14 F1 3D 7B 00   ;7
754 05 2F 00 02 08 00 55 55                       75C 05 6f 00 02 08 00 55 55   ;7
754 02 10 01 00 00 00 00 00                       75C 02 50 01 00 00 00 00 00   ;7
754 02 3E 80 00 00 00 00 00                       75C 02 7e 80 00 00 00 00 00   ;7
754 02 27 01 00 00 00 00 00                       75C 02 67 01 00 00 00 00 00   ;7
754 06 27 02 14 F1 3D 7B 00                       75C 06 67 02 14 F1 3D 7B 00   ;7
754 05 2F 00 03 08 00 55 55                       75C 05 6f 00 03 08 00 55 55   ;7
754 02 10 01 00 00 00 00 00                       75C 02 50 01 00 00 00 00 00   ;7
754 02 3E 80 00 00 00 00 00                       75C 02 7e 80 00 00 00 00 00   ;7
754 02 27 01 00 00 00 00 00                       75C 02 67 01 00 00 00 00 00   ;7
754 06 27 02 14 F1 3D 7B 00                       75C 06 67 02 14 F1 3D 7B 00   ;7
754 05 2F 00 04 08 00 55 55                       75C 05 6f 00 04 08 00 55 55   ;7
