782 02 10 01 00 00 00 00 00                       78A 02 50 01 00 00 00 00 00   ;
782 02 3E 80 00 00 00 00 00                       78A 02 7e 80 00 00 00 00 00   ;
782 02 10 01 00 00 00 00 00                       78A 02 50 01 00 00 00 00 00   ;
782 02 3E 80 00 00 00 00 00                       78A 02 7e 80 00 00 00 00 00   ;
782 02 10 01 00 00 00 00 00                       78A 02 50 01 00 00 00 00 00   ;7
782 02 3E 80 00 00 00 00 00                       78A 02 7e 80 00 00 00 00 00   ;7
782 06 31 01 30 02 01 03 55                       78A 06 71 01 30 02 01 03 55   ;7
782 04 31 03 30 02 55 55 55                       78A 04 71 03 30 02 55 55 55   ;7
782 02 10 01 00 00 00 00 00                       78A 02 50 01 00 00 00 00 00   ;7
782 02 3E 80 00 00 00 00 00                       78A 02 7e 80 00 00 00 00 00   ;7
782 06 31 01 30 02 02 03 55                       78A 06 71 01 30 02 02 03 55   ;7
782 04 31 03 30 02 55 55 55                       78A 04 71 03 30 02 55 55 55   ;7
782 02 10 01 00 00 00 00 00                       78A 02 50 01 00 00 00 00 00   ;7
782 02 3E 80 00 00 00 00 00                       78A 02 7e 80 00 00 00 00 00   ;7
782 06 31 01 30 02 03 03 55                       78A 06 71 01 30 02 03 03 55   ;7
782 04 31 03 30 02 55 55 55                       78A 04 71 03 30 02 55 55 55   ;7
782 02 10 01 00 00 00 00 00                       78A 02 50 01 00 00 00 00 00   ;7
782 02 3E 80 00 00 00 00 00                       78A 02 7e 80 00 00 00 00 00   ;7
782 06 31 01 30 02 04 03 55                       78A 06 71 01 30 02 04 03 55   ;7
782 04 31 03 30 02 55 55 55                       78A 04 71 03 30 02 55 55 55   ;7
782 02 10 01 00 00 00 00 00                       78A 02 50 01 00 00 00 00 00   ;7
782 02 3E 80 00 00 00 00 00                       78A 02 7e 80 00 00 00 00 00   ;7
782 04 31 01 30 06 55 55 55                       78A 04 71 01 30 06 55 55 55   ;7
782 04 31 03 30 06 55 55 55                       78A 04 71 03 30 06 55 55 55   ;7
782 02 11 01 55 55 55 55 55                       78A 02 51 01 55 55 55 55 55   ;7
782 02 10 01 00 00 00 00 00                       78A 02 50 01 00 00 00 00 00   ;7
782 02 3E 80 00 00 00 00 00                       78A 02 7e 80 00 00 00 00 00   ;7
782 04 31 01 30 07 55 55 55                       78A 04 71 01 30 07 55 55 55   ;7
782 04 31 03 30 07 55 55 55                       78A 04 71 03 30 07 55 55 55   ;7
782 02 11 01 55 55 55 55 55                       78A 02 51 01 55 55 55 55 55   ;7
782 02 10 01 00 00 00 00 00                       78A 02 50 01 00 00 00 00 00   ;7
782 02 3E 80 00 00 00 00 00                       78A 02 7e 80 00 00 00 00 00   ;7
782 02 11 01 55 55 55 55 55                       78A 02 51 01 55 55 55 55 55   ;7
