730 02 10 01 00 00 00 00 00                       738 02 50 01 00 00 00 00 00   ;
730 02 3E 80 00 00 00 00 00                       738 02 7e 80 00 00 00 00 00   ;
730 02 10 01 00 00 00 00 00                       738 02 50 01 00 00 00 00 00   ;
730 02 3E 80 00 00 00 00 00                       738 02 7e 80 00 00 00 00 00   ;
730 02 10 01 00 00 00 00 00                       738 02 50 01 00 00 00 00 00   ;7
730 02 3E 80 00 00 00 00 00                       738 02 7e 80 00 00 00 00 00   ;7
730 03 2E 00 52 00 00 00 00                       738 03 6e 00 52 00 00 00 00   ;7
730 02 10 01 00 00 00 00 00                       738 02 50 01 00 00 00 00 00   ;7
730 02 3E 80 00 00 00 00 00                       738 02 7e 80 00 00 00 00 00   ;7
730 03 2E 00 58 00 00 00 00                       738 03 6e 00 58 00 00 00 00   ;7
