7F2 02 10 01 00 00 00 00 00                       7FA 02 50 01 00 00 00 00 00   ;
7F2 02 3E 80 00 00 00 00 00                       7FA 02 7e 80 00 00 00 00 00   ;
7F2 02 10 01 00 00 00 00 00                       7FA 02 50 01 00 00 00 00 00   ;
7F2 02 3E 80 00 00 00 00 00                       7FA 02 7e 80 00 00 00 00 00   ;
7F2 02 10 01 00 00 00 00 00                       7FA 02 50 01 00 00 00 00 00   ;7
7F2 02 3E 80 00 00 00 00 00                       7FA 02 7e 80 00 00 00 00 00   ;7
7F2 02 27 01 00 00 00 00 00                       7FA 02 67 01 00 00 00 00 00   ;7
7F2 06 27 02 14 F1 3D FD 00                       7FA 06 67 02 14 F1 3D FD 00   ;7
7F2 03 22 F1 A1 00 00 00 00                       7FA 03 62 F1 A1 00 00 00 00   ;7
7F2 04 31 01 F1 A1 00 00 00                       7FA 04 71 01 F1 A1 00 00 00   ;7
7F2 0B 2E F1 A1 11 57 70 01 00 00 00 8C                    7FA 0B 6e F1 A1 11 57 70 01 00 00 00 8C ;7
7F2 02 10 01 00 00 00 00 00                       7FA 02 50 01 00 00 00 00 00   ;7
7F2 02 3E 80 00 00 00 00 00                       7FA 02 7e 80 00 00 00 00 00   ;7
7F2 02 27 01 00 00 00 00 00                       7FA 02 67 01 00 00 00 00 00   ;7
7F2 06 27 02 14 F1 3D FD 00                       7FA 06 67 02 14 F1 3D FD 00   ;7
7F2 03 22 F1 A1 00 00 00 00                       7FA 03 62 F1 A1 00 00 00 00   ;7
7F2 04 31 01 F1 A1 00 00 00                       7FA 04 71 01 F1 A1 00 00 00   ;7
7F2 0B 2E F1 A1 11 57 70 02 00 00 00 8F                    7FA 0B 6e F1 A1 11 57 70 02 00 00 00 8F ;7
7F2 02 10 01 00 00 00 00 00                       7FA 02 50 01 00 00 00 00 00   ;7
7F2 02 3E 80 00 00 00 00 00                       7FA 02 7e 80 00 00 00 00 00   ;7
7F2 02 27 01 00 00 00 00 00                       7FA 02 67 01 00 00 00 00 00   ;7
7F2 06 27 02 14 F1 3D FD 00                       7FA 06 67 02 14 F1 3D FD 00   ;7
7F2 03 22 F1 A1 00 00 00 00                       7FA 03 62 F1 A1 00 00 00 00   ;7
7F2 04 31 01 F1 A1 00 00 00                       7FA 04 71 01 F1 A1 00 00 00   ;7
7F2 0B 2E F1 A1 11 57 70 03 00 00 00 8E                    7FA 0B 6e F1 A1 11 57 70 03 00 00 00 8E ;7
7F2 02 10 01 00 00 00 00 00                       7FA 02 50 01 00 00 00 00 00   ;7
7F2 02 3E 80 00 00 00 00 00                       7FA 02 7e 80 00 00 00 00 00   ;7
7F2 02 27 01 00 00 00 00 00                       7FA 02 67 01 00 00 00 00 00   ;7
7F2 06 27 02 14 F1 3D FD 00                       7FA 06 67 02 14 F1 3D FD 00   ;7
7F2 03 22 F1 A1 00 00 00 00                       7FA 03 62 F1 A1 00 00 00 00   ;7
7F2 04 31 01 F1 A1 00 00 00                       7FA 04 71 01 F1 A1 00 00 00   ;7
7F2 0B 2E F1 A1 11 57 70 04 00 00 00 89                    7FA 0B 6e F1 A1 11 57 70 04 00 00 00 89 ;7
7F2 02 10 01 00 00 00 00 00                       7FA 02 50 01 00 00 00 00 00   ;7
7F2 02 3E 80 00 00 00 00 00                       7FA 02 7e 80 00 00 00 00 00   ;7
7F2 02 27 01 00 00 00 00 00                       7FA 02 67 01 00 00 00 00 00   ;7
7F2 06 27 02 14 F1 3D FD 00                       7FA 06 67 02 14 F1 3D FD 00   ;7
7F2 03 22 F1 A1 00 00 00 00                       7FA 03 62 F1 A1 00 00 00 00   ;7
7F2 04 31 01 F1 A1 00 00 00                       7FA 04 71 01 F1 A1 00 00 00   ;7
7F2 0B 2E F1 A1 11 57 70 05 00 00 00 88                    7FA 0B 6e F1 A1 11 57 70 05 00 00 00 88 ;7
