704 02 10 01 00 00 00 00 00                       70C 02 50 01 00 00 00 00 00   ;
704 02 3E 80 00 00 00 00 00                       70C 02 7e 80 00 00 00 00 00   ;
704 02 10 01 00 00 00 00 00                       70C 02 50 01 00 00 00 00 00   ;
704 02 3E 80 00 00 00 00 00                       70C 02 7e 80 00 00 00 00 00   ;
704 02 10 01 00 00 00 00 00                       70C 02 50 01 00 00 00 00 00   ;7
704 02 3E 80 00 00 00 00 00                       70C 02 7e 80 00 00 00 00 00   ;7
704 04 31 01 F1 A1 55 55 55                       70C 04 71 01 F1 A1 55 55 55   ;7
704 0B 2E F1 A1 11 57 E9 01 00 00 00 07                    70C 0B 6e F1 A1 11 57 E9 01 00 00 00 07 ;7
704 02 10 01 00 00 00 00 00                       70C 02 50 01 00 00 00 00 00   ;7
704 02 3E 80 00 00 00 00 00                       70C 02 7e 80 00 00 00 00 00   ;7
704 04 31 01 F1 A1 55 55 55                       70C 04 71 01 F1 A1 55 55 55   ;7
704 0B 2E F1 A1 11 57 E9 02 00 00 00 06                    70C 0B 6e F1 A1 11 57 E9 02 00 00 00 06 ;7
704 02 10 01 00 00 00 00 00                       70C 02 50 01 00 00 00 00 00   ;7
704 02 3E 80 00 00 00 00 00                       70C 02 7e 80 00 00 00 00 00   ;7
704 04 31 01 F1 A1 55 55 55                       70C 04 71 01 F1 A1 55 55 55   ;7
704 0B 2E F1 A1 11 57 E9 03 00 00 00 01                    70C 0B 6e F1 A1 11 57 E9 03 00 00 00 01 ;7
704 02 10 01 00 00 00 00 00                       70C 02 50 01 00 00 00 00 00   ;7
704 02 3E 80 00 00 00 00 00                       70C 02 7e 80 00 00 00 00 00   ;7
704 04 31 01 F1 A1 55 55 55                       70C 04 71 01 F1 A1 55 55 55   ;7
704 0B 2E F1 A1 11 57 E9 04 00 00 00 00                    70C 0B 6e F1 A1 11 57 E9 04 00 00 00 00 ;7
704 02 10 01 00 00 00 00 00                       70C 02 50 01 00 00 00 00 00   ;7
704 02 3E 80 00 00 00 00 00                       70C 02 7e 80 00 00 00 00 00   ;7
704 04 31 01 F1 A1 55 55 55                       70C 04 71 01 F1 A1 55 55 55   ;7
704 0B 2E F1 A1 11 57 E9 05 00 00 00 03                    70C 0B 6e F1 A1 11 57 E9 05 00 00 00 03 ;7
