782 02 10 01 00 00 00 00 00                       78A 02 50 01 00 00 00 00 00   ;
782 02 3E 80 00 00 00 00 00                       78A 02 7e 80 00 00 00 00 00   ;
782 02 10 01 00 00 00 00 00                       78A 02 50 01 00 00 00 00 00   ;
782 02 3E 80 00 00 00 00 00                       78A 02 7e 80 00 00 00 00 00   ;
782 04 31 01 F4 11 55 55 55                       78A 04 71 01 F4 11 55 55 55   ;7ds
782 04 31 03 F4 11 55 55 55                       78A 04 71 03 F4 11 55 55 55   ;7ds
782 04 31 03 F4 0C 55 55 55                       78A 04 71 03 F4 0C 55 55 55   ;7ds
782 04 31 03 F4 0C 55 55 55                       78A 04 71 03 F4 0C 55 55 55   ;7ds
782 04 31 03 30 05 55 55 55                       78A 04 71 03 30 05 55 55 55   ;7ds
782 02 10 01 00 00 00 00 00                       78A 02 50 01 00 00 00 00 00   ;7
782 02 3E 80 00 00 00 00 00                       78A 02 7e 80 00 00 00 00 00   ;7
782 02 27 01 00 00 00 00 00                       78A 02 67 01 00 00 00 00 00   ;7
782 06 27 02 14 F1 6E 4F 00                       78A 06 67 02 14 F1 6E 4F 00   ;7
782 08 31 01 F4 01 01 05 00 00                    78A 08 71 01 F4 01 01 05 00 00 ;7
782 04 31 03 F4 01 55 55 55                       78A 04 71 03 F4 01 55 55 55   ;7
782 02 10 01 00 00 00 00 00                       78A 02 50 01 00 00 00 00 00   ;7
782 02 3E 80 00 00 00 00 00                       78A 02 7e 80 00 00 00 00 00   ;7
782 02 27 01 00 00 00 00 00                       78A 02 67 01 00 00 00 00 00   ;7
782 06 27 02 14 F1 6E 4F 00                       78A 06 67 02 14 F1 6E 4F 00   ;7
782 08 31 01 F4 01 02 05 00 00                    78A 08 71 01 F4 01 02 05 00 00 ;7
782 04 31 03 F4 01 55 55 55                       78A 04 71 03 F4 01 55 55 55   ;7
782 02 10 01 00 00 00 00 00                       78A 02 50 01 00 00 00 00 00   ;7
782 02 3E 80 00 00 00 00 00                       78A 02 7e 80 00 00 00 00 00   ;7
782 02 27 01 00 00 00 00 00                       78A 02 67 01 00 00 00 00 00   ;7
782 06 27 02 14 F1 6E 4F 00                       78A 06 67 02 14 F1 6E 4F 00   ;7
782 08 31 01 F4 01 03 14 05 00                    78A 08 71 01 F4 01 03 14 05 00 ;7
782 04 31 03 F4 01 55 55 55                       78A 04 71 03 F4 01 55 55 55   ;7
782 02 10 01 00 00 00 00 00                       78A 02 50 01 00 00 00 00 00   ;7
782 02 3E 80 00 00 00 00 00                       78A 02 7e 80 00 00 00 00 00   ;7
782 02 27 01 00 00 00 00 00                       78A 02 67 01 00 00 00 00 00   ;7
782 06 27 02 14 F1 6E 4F 00                       78A 06 67 02 14 F1 6E 4F 00   ;7
782 08 31 01 F4 01 04 05 00 00                    78A 08 71 01 F4 01 04 05 00 00 ;7
782 04 31 03 F4 01 55 55 55                       78A 04 71 03 F4 01 55 55 55   ;7
782 02 10 01 00 00 00 00 00                       78A 02 50 01 00 00 00 00 00   ;7
782 02 3E 80 00 00 00 00 00                       78A 02 7e 80 00 00 00 00 00   ;7
782 02 27 01 00 00 00 00 00                       78A 02 67 01 00 00 00 00 00   ;7
782 06 27 02 14 F1 6E 4F 00                       78A 06 67 02 14 F1 6E 4F 00   ;7
782 08 31 01 F4 01 05 05 05 0A                    78A 08 71 01 F4 01 05 05 05 0A ;7
782 04 31 03 F4 01 55 55 55                       78A 04 71 03 F4 01 55 55 55   ;7
782 02 10 01 00 00 00 00 00                       78A 02 50 01 00 00 00 00 00   ;7
782 02 3E 80 00 00 00 00 00                       78A 02 7e 80 00 00 00 00 00   ;7
782 02 27 01 00 00 00 00 00                       78A 02 67 01 00 00 00 00 00   ;7
782 06 27 02 14 F1 6E 4F 00                       78A 06 67 02 14 F1 6E 4F 00   ;7
782 08 31 01 F4 01 06 08 08 00                    78A 08 71 01 F4 01 06 08 08 00 ;7
782 04 31 03 F4 01 55 55 55                       78A 04 71 03 F4 01 55 55 55   ;7
782 02 10 01 00 00 00 00 00                       78A 02 50 01 00 00 00 00 00   ;7
782 02 3E 80 00 00 00 00 00                       78A 02 7e 80 00 00 00 00 00   ;7
782 02 27 01 00 00 00 00 00                       78A 02 67 01 00 00 00 00 00   ;7
782 06 27 02 14 F1 6E 4F 00                       78A 06 67 02 14 F1 6E 4F 00   ;7
782 02 10 01 00 00 00 00 00                       78A 02 50 01 00 00 00 00 00   ;7
782 02 3E 80 00 00 00 00 00                       78A 02 7e 80 00 00 00 00 00   ;7
782 02 27 01 00 00 00 00 00                       78A 02 67 01 00 00 00 00 00   ;7
782 06 27 02 14 F1 6E 4F 00                       78A 06 67 02 14 F1 6E 4F 00   ;7
782 02 10 01 00 00 00 00 00                       78A 02 50 01 00 00 00 00 00   ;7
782 02 3E 80 00 00 00 00 00                       78A 02 7e 80 00 00 00 00 00   ;7
782 02 27 01 00 00 00 00 00                       78A 02 67 01 00 00 00 00 00   ;7
782 06 27 02 14 F1 6E 4F 00                       78A 06 67 02 14 F1 6E 4F 00   ;7
782 04 2E 00 04 00 55 55 55                       78A 04 6e 00 04 00 55 55 55   ;7
782 04 2E FD 43 00 55 55 55                       78A 04 6e FD 43 00 55 55 55   ;7
782 04 2E AA 04 00 55 55 55                       78A 04 6e AA 04 00 55 55 55   ;7
782 04 2E FD 43 00 55 55 55                       78A 04 6e FD 43 00 55 55 55   ;7
782 04 2E EE 04 00 55 55 55                       78A 04 6e EE 04 00 55 55 55   ;7
782 04 2E FD 43 00 55 55 55                       78A 04 6e FD 43 00 55 55 55   ;7
782 02 10 01 00 00 00 00 00                       78A 02 50 01 00 00 00 00 00   ;7
782 02 3E 80 00 00 00 00 00                       78A 02 7e 80 00 00 00 00 00   ;7
782 02 27 01 00 00 00 00 00                       78A 02 67 01 00 00 00 00 00   ;7
782 06 27 02 14 F1 6E 4F 00                       78A 06 67 02 14 F1 6E 4F 00   ;7
782 04 31 01 30 06 55 55 55                       78A 04 71 01 30 06 55 55 55   ;7
782 04 31 03 30 06 55 55 55                       78A 04 71 03 30 06 55 55 55   ;7
782 02 10 01 00 00 00 00 00                       78A 02 50 01 00 00 00 00 00   ;7
782 02 3E 80 00 00 00 00 00                       78A 02 7e 80 00 00 00 00 00   ;7
782 02 27 01 00 00 00 00 00                       78A 02 67 01 00 00 00 00 00   ;7
782 06 27 02 14 F1 6E 4F 00                       78A 06 67 02 14 F1 6E 4F 00   ;7
782 04 31 01 30 07 55 55 55                       78A 04 71 01 30 07 55 55 55   ;7
782 04 31 03 30 07 55 55 55                       78A 04 71 03 30 07 55 55 55   ;7
782 02 10 01 00 00 00 00 00                       78A 02 50 01 00 00 00 00 00   ;7
782 02 3E 80 00 00 00 00 00                       78A 02 7e 80 00 00 00 00 00   ;7
782 02 27 01 00 00 00 00 00                       78A 02 67 01 00 00 00 00 00   ;7
782 06 27 02 14 F1 6E 4F 00                       78A 06 67 02 14 F1 6E 4F 00   ;7
782 04 31 01 F4 0B 55 55 55                       78A 04 71 01 F4 0B 55 55 55   ;7
782 04 31 03 F4 0B 55 55 55                       78A 04 71 03 F4 0B 55 55 55   ;7
782 02 10 01 00 00 00 00 00                       78A 02 50 01 00 00 00 00 00   ;7
782 02 3E 80 00 00 00 00 00                       78A 02 7e 80 00 00 00 00 00   ;7
782 02 27 01 00 00 00 00 00                       78A 02 67 01 00 00 00 00 00   ;7
782 06 27 02 14 F1 6E 4F 00                       78A 06 67 02 14 F1 6E 4F 00   ;7
782 02 10 01 00 00 00 00 00                       78A 02 50 01 00 00 00 00 00   ;7
782 02 3E 80 00 00 00 00 00                       78A 02 7e 80 00 00 00 00 00   ;7
782 02 27 01 00 00 00 00 00                       78A 02 67 01 00 00 00 00 00   ;7
782 06 27 02 14 F1 6E 4F 00                       78A 06 67 02 14 F1 6E 4F 00   ;7
782 06 31 01 30 05 00 64 55                       78A 06 71 01 30 05 00 64 55   ;7
782 02 10 01 00 00 00 00 00                       78A 02 50 01 00 00 00 00 00   ;7
782 02 3E 80 00 00 00 00 00                       78A 02 7e 80 00 00 00 00 00   ;7
782 02 27 01 00 00 00 00 00                       78A 02 67 01 00 00 00 00 00   ;7
782 06 27 02 14 F1 6E 4F 00                       78A 06 67 02 14 F1 6E 4F 00   ;7
782 02 10 01 00 00 00 00 00                       78A 02 50 01 00 00 00 00 00   ;7
782 02 3E 80 00 00 00 00 00                       78A 02 7e 80 00 00 00 00 00   ;7
782 02 27 01 00 00 00 00 00                       78A 02 67 01 00 00 00 00 00   ;7
782 06 27 02 14 F1 6E 4F 00                       78A 06 67 02 14 F1 6E 4F 00   ;7
782 04 2E FD 43 01 55 55 55                       78A 04 6e FD 43 01 55 55 55   ;7
782 02 10 05 55 55 55 55 55                       78A 02 50 05 55 55 55 55 55   ;7
782 02 10 01 55 55 55 55 55                       78A 02 50 01 55 55 55 55 55   ;7
782 02 10 01 00 00 00 00 00                       78A 02 50 01 00 00 00 00 00   ;7
782 02 3E 80 00 00 00 00 00                       78A 02 7e 80 00 00 00 00 00   ;7
782 02 27 01 00 00 00 00 00                       78A 02 67 01 00 00 00 00 00   ;7
782 06 27 02 14 F1 6E 4F 00                       78A 06 67 02 14 F1 6E 4F 00   ;7
782 04 31 01 30 06 55 55 55                       78A 04 71 01 30 06 55 55 55   ;7
782 04 31 03 30 06 55 55 55                       78A 04 71 03 30 06 55 55 55   ;7
782 02 10 01 00 00 00 00 00                       78A 02 50 01 00 00 00 00 00   ;7
782 02 3E 80 00 00 00 00 00                       78A 02 7e 80 00 00 00 00 00   ;7
782 02 27 01 00 00 00 00 00                       78A 02 67 01 00 00 00 00 00   ;7
782 06 27 02 14 F1 6E 4F 00                       78A 06 67 02 14 F1 6E 4F 00   ;7
782 0B 2E F1 A1 FF FF FF FF FF FF FF FF                    78A 0B 6e F1 A1 FF FF FF FF FF FF FF FF ;7
782 02 11 01 55 55 55 55 55                       78A 02 51 01 55 55 55 55 55   ;7
782 02 10 01 00 00 00 00 00                       78A 02 50 01 00 00 00 00 00   ;7
782 02 3E 80 00 00 00 00 00                       78A 02 7e 80 00 00 00 00 00   ;7
782 02 27 01 00 00 00 00 00                       78A 02 67 01 00 00 00 00 00   ;7
782 06 27 02 14 F1 6E 4F 00                       78A 06 67 02 14 F1 6E 4F 00   ;7
782 0B 2E 21 00 11 2C 01 F6 03 01 00 6D                    78A 0B 6e 21 00 11 2C 01 F6 03 01 00 6D ;7
782 02 11 01 55 55 55 55 55                       78A 02 51 01 55 55 55 55 55   ;7
782 02 10 01 00 00 00 00 00                       78A 02 50 01 00 00 00 00 00   ;7
782 02 3E 80 00 00 00 00 00                       78A 02 7e 80 00 00 00 00 00   ;7
782 02 27 01 00 00 00 00 00                       78A 02 67 01 00 00 00 00 00   ;7
782 06 27 02 14 F1 6E 4F 00                       78A 06 67 02 14 F1 6E 4F 00   ;7
782 0B 2E 21 00 11 2C 01 F6 01 01 00 63                    78A 0B 6e 21 00 11 2C 01 F6 01 01 00 63 ;7
782 02 11 01 55 55 55 55 55                       78A 02 51 01 55 55 55 55 55   ;7
782 02 10 01 00 00 00 00 00                       78A 02 50 01 00 00 00 00 00   ;7
782 02 3E 80 00 00 00 00 00                       78A 02 7e 80 00 00 00 00 00   ;7
782 02 27 01 00 00 00 00 00                       78A 02 67 01 00 00 00 00 00   ;7
782 06 27 02 14 F1 6E 4F 00                       78A 06 67 02 14 F1 6E 4F 00   ;7
782 0B 2E 21 00 11 2C 01 F6 01 01 00 63                    78A 0B 6e 21 00 11 2C 01 F6 01 01 00 63 ;7
782 02 11 01 55 55 55 55 55                       78A 02 51 01 55 55 55 55 55   ;7
782 02 10 01 00 00 00 00 00                       78A 02 50 01 00 00 00 00 00   ;7
782 02 3E 80 00 00 00 00 00                       78A 02 7e 80 00 00 00 00 00   ;7
782 02 27 01 00 00 00 00 00                       78A 02 67 01 00 00 00 00 00   ;7
782 06 27 02 14 F1 6E 4F 00                       78A 06 67 02 14 F1 6E 4F 00   ;7
782 04 31 01 F1 10 55 55 55                       78A 04 71 01 F1 10 55 55 55   ;7
782 04 31 03 F1 10 55 55 55                       78A 04 71 03 F1 10 55 55 55   ;7
