721 02 10 01 00 00 00 00 00                       729 02 50 01 00 00 00 00 00   ;
721 02 3E 80 00 00 00 00 00                       729 02 7e 80 00 00 00 00 00   ;
721 02 10 01 00 00 00 00 00                       729 02 50 01 00 00 00 00 00   ;
721 02 3E 80 00 00 00 00 00                       729 02 7e 80 00 00 00 00 00   ;
721 02 10 01 00 00 00 00 00                       729 02 50 01 00 00 00 00 00   ;7
721 02 3E 80 00 00 00 00 00                       729 02 7e 80 00 00 00 00 00   ;7
721 07 2E 33 05 01 01 01 01                       729 07 6e 33 05 01 01 01 01   ;7
721 02 10 01 00 00 00 00 00                       729 02 50 01 00 00 00 00 00   ;7
721 02 3E 80 00 00 00 00 00                       729 02 7e 80 00 00 00 00 00   ;7
721 07 2E 33 06 01 01 01 01                       729 07 6e 33 06 01 01 01 01   ;7
721 02 10 01 00 00 00 00 00                       729 02 50 01 00 00 00 00 00   ;7
721 02 3E 80 00 00 00 00 00                       729 02 7e 80 00 00 00 00 00   ;7
721 07 2E 33 07 01 01 01 01                       729 07 6e 33 07 01 01 01 01   ;7
721 02 10 01 00 00 00 00 00                       729 02 50 01 00 00 00 00 00   ;7
721 02 3E 80 00 00 00 00 00                       729 02 7e 80 00 00 00 00 00   ;7
721 07 2E 33 08 01 01 01 01                       729 07 6e 33 08 01 01 01 01   ;7
721 02 10 01 00 00 00 00 00                       729 02 50 01 00 00 00 00 00   ;7
721 02 3E 80 00 00 00 00 00                       729 02 7e 80 00 00 00 00 00   ;7
721 04 31 01 33 01 55 55 55                       729 04 71 01 33 01 55 55 55   ;7
721 02 10 01 00 00 00 00 00                       729 02 50 01 00 00 00 00 00   ;7
721 02 3E 80 00 00 00 00 00                       729 02 7e 80 00 00 00 00 00   ;7
721 04 31 01 33 02 55 55 55                       729 04 71 01 33 02 55 55 55   ;7
721 02 10 01 00 00 00 00 00                       729 02 50 01 00 00 00 00 00   ;7
721 02 3E 80 00 00 00 00 00                       729 02 7e 80 00 00 00 00 00   ;7
721 04 31 01 33 03 55 55 55                       729 04 71 01 33 03 55 55 55   ;7
721 02 10 01 00 00 00 00 00                       729 02 50 01 00 00 00 00 00   ;7
721 02 3E 80 00 00 00 00 00                       729 02 7e 80 00 00 00 00 00   ;7
721 04 31 01 33 04 55 55 55                       729 04 71 01 33 04 55 55 55   ;7
