7E0 02 10 01 00 00 00 00 00                       7E8 02 50 01 00 00 00 00 00   ;
7E0 02 3E 80 00 00 00 00 00                       7E8 02 7e 80 00 00 00 00 00   ;
7E0 02 10 01 00 00 00 00 00                       7E8 02 50 01 00 00 00 00 00   ;
7E0 02 3E 80 00 00 00 00 00                       7E8 02 7e 80 00 00 00 00 00   ;
7E0 02 10 01 00 00 00 00 00                       7E8 02 50 01 00 00 00 00 00   ;7
7E0 02 3E 80 00 00 00 00 00                       7E8 02 7e 80 00 00 00 00 00   ;7
7E0 03 22 F1 90 00 00 00 00                       7E8 03 62 F1 90 00 00 00 00   ;7
7E0 10 14 2E F1 90 FF FF FF FF FF FF FF FF FF FF FF FF FF FF FF FF FF                    7E8 10 54 2E F1 90 FF FF FF FF FF FF FF FF FF FF FF FF FF FF FF FF FF ;7
7E0 02 10 01 00 00 00 00 00                       7E8 02 50 01 00 00 00 00 00   ;7
7E0 02 3E 80 00 00 00 00 00                       7E8 02 7e 80 00 00 00 00 00   ;7
7E0 04 31 01 09 BE 55 55 55                       7E8 04 71 01 09 BE 55 55 55   ;7
7E0 04 31 03 09 BE 55 55 55                       7E8 04 71 03 09 BE 55 55 55   ;7
7E0 02 10 01 00 00 00 00 00                       7E8 02 50 01 00 00 00 00 00   ;7
7E0 02 3E 80 00 00 00 00 00                       7E8 02 7e 80 00 00 00 00 00   ;7
7E0 04 31 01 09 BF 55 55 55                       7E8 04 71 01 09 BF 55 55 55   ;7
7E0 04 31 03 09 BF 55 55 55                       7E8 04 71 03 09 BF 55 55 55   ;7
7E0 02 10 01 00 00 00 00 00                       7E8 02 50 01 00 00 00 00 00   ;7
7E0 02 3E 80 00 00 00 00 00                       7E8 02 7e 80 00 00 00 00 00   ;7
7E0 05 2F 10 03 03 01 55 55                       7E8 05 6f 10 03 03 01 55 55   ;7
7E0 05 2F 10 04 03 01 55 55                       7E8 05 6f 10 04 03 01 55 55   ;7
7E0 04 31 01 09 BD 55 55 55                       7E8 04 71 01 09 BD 55 55 55   ;7
7E0 04 31 03 09 BD 55 55 55                       7E8 04 71 03 09 BD 55 55 55   ;7
7E0 05 2F 10 03 03 00 55 55                       7E8 05 6f 10 03 03 00 55 55   ;7
7E0 05 2F 10 04 03 00 55 55                       7E8 05 6f 10 04 03 00 55 55   ;7
7E0 04 31 03 09 BD 55 55 55                       7E8 04 71 03 09 BD 55 55 55   ;7
7E0 02 10 01 00 00 00 00 00                       7E8 02 50 01 00 00 00 00 00   ;7
7E0 02 3E 80 00 00 00 00 00                       7E8 02 7e 80 00 00 00 00 00   ;7
7E0 04 31 03 09 BD 55 55 55                       7E8 04 71 03 09 BD 55 55 55   ;7
7E0 02 10 01 00 00 00 00 00                       7E8 02 50 01 00 00 00 00 00   ;7
7E0 02 3E 80 00 00 00 00 00                       7E8 02 7e 80 00 00 00 00 00   ;7
7E0 10 0C 2E F1 94 32 44 00 11 76 04 00 01 00                    7E8 10 4c 2E F1 94 32 44 00 11 76 04 00 01 00 ;7
7E0 02 11 01 55 55 55 55 55                       7E8 02 51 01 55 55 55 55 55   ;7
