7C2 02 10 01 00 00 00 00 00                       7CA 02 50 01 00 00 00 00 00   ;
7C2 02 3E 80 00 00 00 00 00                       7CA 02 7e 80 00 00 00 00 00   ;
7C2 02 10 01 00 00 00 00 00                       7CA 02 50 01 00 00 00 00 00   ;
7C2 02 3E 80 00 00 00 00 00                       7CA 02 7e 80 00 00 00 00 00   ;
7C2 02 10 01 00 00 00 00 00                       7CA 02 50 01 00 00 00 00 00   ;7
7C2 02 3E 80 00 00 00 00 00                       7CA 02 7e 80 00 00 00 00 00   ;7
7C2 02 27 01 00 00 00 00 00                       7CA 02 67 01 00 00 00 00 00   ;7
7C2 06 27 02 14 F1 3C 3F 00                       7CA 06 67 02 14 F1 3C 3F 00   ;7
7C2 04 31 01 F1 A1 00 00 00                       7CA 04 71 01 F1 A1 00 00 00   ;7
7C2 0B 2E F1 A1 11 61 38 01 00 00 00 FE                    7CA 0B 6e F1 A1 11 61 38 01 00 00 00 FE ;7
7C2 02 10 01 00 00 00 00 00                       7CA 02 50 01 00 00 00 00 00   ;7
7C2 02 3E 80 00 00 00 00 00                       7CA 02 7e 80 00 00 00 00 00   ;7
7C2 02 27 01 00 00 00 00 00                       7CA 02 67 01 00 00 00 00 00   ;7
7C2 06 27 02 14 F1 3C 3F 00                       7CA 06 67 02 14 F1 3C 3F 00   ;7
7C2 04 31 01 F1 A1 00 00 00                       7CA 04 71 01 F1 A1 00 00 00   ;7
7C2 07 2E 1F FE E8 03 D0 07                       7CA 07 6e 1F FE E8 03 D0 07   ;7
