7F1 02 10 01 00 00 00 00 00                       7F9 02 50 01 00 00 00 00 00   ;
7F1 02 3E 80 00 00 00 00 00                       7F9 02 7e 80 00 00 00 00 00   ;
7F1 02 10 01 00 00 00 00 00                       7F9 02 50 01 00 00 00 00 00   ;
7F1 02 3E 80 00 00 00 00 00                       7F9 02 7e 80 00 00 00 00 00   ;
7F1 02 10 01 00 00 00 00 00                       7F9 02 50 01 00 00 00 00 00   ;7
7F1 02 3E 80 00 00 00 00 00                       7F9 02 7e 80 00 00 00 00 00   ;7
7F1 02 27 01 00 00 00 00 00                       7F9 02 67 01 00 00 00 00 00   ;7
7F1 06 27 02 14 F1 3D 60 00                       7F9 06 67 02 14 F1 3D 60 00   ;7
7F1 03 2E 00 52 00 00 00 00                       7F9 03 6e 00 52 00 00 00 00   ;7
7F1 02 10 01 00 00 00 00 00                       7F9 02 50 01 00 00 00 00 00   ;7
7F1 02 3E 80 00 00 00 00 00                       7F9 02 7e 80 00 00 00 00 00   ;7
7F1 02 27 01 00 00 00 00 00                       7F9 02 67 01 00 00 00 00 00   ;7
7F1 06 27 02 14 F1 3D 60 00                       7F9 06 67 02 14 F1 3D 60 00   ;7
7F1 03 2E 00 58 00 00 00 00                       7F9 03 6e 00 58 00 00 00 00   ;7
