7F1 02 10 01 00 00 00 00 00                       7F9 02 50 01 00 00 00 00 00   ;
7F1 02 3E 80 00 00 00 00 00                       7F9 02 7e 80 00 00 00 00 00   ;
7F1 02 10 01 00 00 00 00 00                       7F9 02 50 01 00 00 00 00 00   ;
7F1 02 3E 80 00 00 00 00 00                       7F9 02 7e 80 00 00 00 00 00   ;
7F1 02 10 01 00 00 00 00 00                       7F9 02 50 01 00 00 00 00 00   ;7
7F1 02 3E 80 00 00 00 00 00                       7F9 02 7e 80 00 00 00 00 00   ;7
7F1 02 27 01 00 00 00 00 00                       7F9 02 67 01 00 00 00 00 00   ;7
7F1 06 27 02 14 F1 3D 60 00                       7F9 06 67 02 14 F1 3D 60 00   ;7
7F1 03 22 FD 73 55 55 55 55                       7F9 03 62 FD 73 55 55 55 55   ;7
7F1 04 2E 00 52 FF 55 55 55                       7F9 04 6e 00 52 FF 55 55 55   ;7
