720 02 10 01 00 00 00 00 00                       728 02 50 01 00 00 00 00 00   ;
720 02 3E 80 00 00 00 00 00                       728 02 7e 80 00 00 00 00 00   ;
720 02 10 01 00 00 00 00 00                       728 02 50 01 00 00 00 00 00   ;
720 02 3E 80 00 00 00 00 00                       728 02 7e 80 00 00 00 00 00   ;
720 02 10 01 00 00 00 00 00                       728 02 50 01 00 00 00 00 00   ;7
720 02 3E 80 00 00 00 00 00                       728 02 7e 80 00 00 00 00 00   ;7
720 07 2E 33 05 01 01 01 01                       728 07 6e 33 05 01 01 01 01   ;7
720 02 10 01 00 00 00 00 00                       728 02 50 01 00 00 00 00 00   ;7
720 02 3E 80 00 00 00 00 00                       728 02 7e 80 00 00 00 00 00   ;7
720 07 2E 33 06 01 01 01 01                       728 07 6e 33 06 01 01 01 01   ;7
720 02 10 01 00 00 00 00 00                       728 02 50 01 00 00 00 00 00   ;7
720 02 3E 80 00 00 00 00 00                       728 02 7e 80 00 00 00 00 00   ;7
720 07 2E 33 07 01 01 01 01                       728 07 6e 33 07 01 01 01 01   ;7
720 02 10 01 00 00 00 00 00                       728 02 50 01 00 00 00 00 00   ;7
720 02 3E 80 00 00 00 00 00                       728 02 7e 80 00 00 00 00 00   ;7
720 07 2E 33 08 01 01 01 01                       728 07 6e 33 08 01 01 01 01   ;7
720 02 10 01 00 00 00 00 00                       728 02 50 01 00 00 00 00 00   ;7
720 02 3E 80 00 00 00 00 00                       728 02 7e 80 00 00 00 00 00   ;7
720 04 31 01 33 01 55 55 55                       728 04 71 01 33 01 55 55 55   ;7
720 02 10 01 00 00 00 00 00                       728 02 50 01 00 00 00 00 00   ;7
720 02 3E 80 00 00 00 00 00                       728 02 7e 80 00 00 00 00 00   ;7
720 04 31 01 33 02 55 55 55                       728 04 71 01 33 02 55 55 55   ;7
720 02 10 01 00 00 00 00 00                       728 02 50 01 00 00 00 00 00   ;7
720 02 3E 80 00 00 00 00 00                       728 02 7e 80 00 00 00 00 00   ;7
720 04 31 01 33 03 55 55 55                       728 04 71 01 33 03 55 55 55   ;7
720 02 10 01 00 00 00 00 00                       728 02 50 01 00 00 00 00 00   ;7
720 02 3E 80 00 00 00 00 00                       728 02 7e 80 00 00 00 00 00   ;7
720 04 31 01 33 04 55 55 55                       728 04 71 01 33 04 55 55 55   ;7
