783 02 10 01 00 00 00 00 00                       78B 02 50 01 00 00 00 00 00   ;
783 02 3E 80 00 00 00 00 00                       78B 02 7e 80 00 00 00 00 00   ;
783 02 10 01 00 00 00 00 00                       78B 02 50 01 00 00 00 00 00   ;
783 02 3E 80 00 00 00 00 00                       78B 02 7e 80 00 00 00 00 00   ;
783 02 10 01 00 00 00 00 00                       78B 02 50 01 00 00 00 00 00   ;7
783 02 3E 80 00 00 00 00 00                       78B 02 7e 80 00 00 00 00 00   ;7
783 02 27 01 00 00 00 00 00                       78B 02 67 01 00 00 00 00 00   ;7
783 06 27 02 14 F1 3C 5E 00                       78B 06 67 02 14 F1 3C 5E 00   ;7
783 04 31 01 AC 00 55 55 55                       78B 04 71 01 AC 00 55 55 55   ;7
783 04 31 03 AC 00 55 55 55                       78B 04 71 03 AC 00 55 55 55   ;7
783 02 10 01 00 00 00 00 00                       78B 02 50 01 00 00 00 00 00   ;7
783 02 3E 80 00 00 00 00 00                       78B 02 7e 80 00 00 00 00 00   ;7
783 02 27 01 00 00 00 00 00                       78B 02 67 01 00 00 00 00 00   ;7
783 06 27 02 14 F1 3C 5E 00                       78B 06 67 02 14 F1 3C 5E 00   ;7
783 07 2E 00 0F 00 00 00 00                       78B 07 6e 00 0F 00 00 00 00   ;7
783 02 10 01 00 00 00 00 00                       78B 02 50 01 00 00 00 00 00   ;7
783 02 3E 80 00 00 00 00 00                       78B 02 7e 80 00 00 00 00 00   ;7
783 02 27 01 00 00 00 00 00                       78B 02 67 01 00 00 00 00 00   ;7
783 06 27 02 14 F1 3C 5E 00                       78B 06 67 02 14 F1 3C 5E 00   ;7
783 0B 2E F1 A1 00 00 00 00 00 00 00 00                    78B 0B 6e F1 A1 00 00 00 00 00 00 00 00 ;7
783 0B 2E F1 A1 11 2B 28 00 06 38 00 F7                    78B 0B 6e F1 A1 11 2B 28 00 06 38 00 F7 ;7
783 02 10 01 00 00 00 00 00                       78B 02 50 01 00 00 00 00 00   ;7
783 02 3E 80 00 00 00 00 00                       78B 02 7e 80 00 00 00 00 00   ;7
783 02 27 01 00 00 00 00 00                       78B 02 67 01 00 00 00 00 00   ;7
783 06 27 02 14 F1 3C 5E 00                       78B 06 67 02 14 F1 3C 5E 00   ;7
783 0B 2E F1 A1 00 00 00 00 00 00 00 00                    78B 0B 6e F1 A1 00 00 00 00 00 00 00 00 ;7
783 0B 2E F1 A1 11 2B 28 00 06 3C 00 F3                    78B 0B 6e F1 A1 11 2B 28 00 06 3C 00 F3 ;7
783 02 10 01 00 00 00 00 00                       78B 02 50 01 00 00 00 00 00   ;7
783 02 3E 80 00 00 00 00 00                       78B 02 7e 80 00 00 00 00 00   ;7
783 02 27 01 00 00 00 00 00                       78B 02 67 01 00 00 00 00 00   ;7
783 06 27 02 14 F1 3C 5E 00                       78B 06 67 02 14 F1 3C 5E 00   ;7
783 0B 2E F1 A1 00 00 00 00 00 00 00 00                    78B 0B 6e F1 A1 00 00 00 00 00 00 00 00 ;7
783 0B 2E F1 A1 11 2B 28 00 06 38 00 F7                    78B 0B 6e F1 A1 11 2B 28 00 06 38 00 F7 ;7
783 02 10 01 00 00 00 00 00                       78B 02 50 01 00 00 00 00 00   ;7
783 02 3E 80 00 00 00 00 00                       78B 02 7e 80 00 00 00 00 00   ;7
783 02 27 01 00 00 00 00 00                       78B 02 67 01 00 00 00 00 00   ;7
783 06 27 02 14 F1 3C 5E 00                       78B 06 67 02 14 F1 3C 5E 00   ;7
783 0B 2E F1 A1 00 00 00 00 00 00 00 00                    78B 0B 6e F1 A1 00 00 00 00 00 00 00 00 ;7
783 0B 2E F1 A1 11 2B 28 00 06 3C 00 F3                    78B 0B 6e F1 A1 11 2B 28 00 06 3C 00 F3 ;7
783 02 10 01 00 00 00 00 00                       78B 02 50 01 00 00 00 00 00   ;7
783 02 3E 80 00 00 00 00 00                       78B 02 7e 80 00 00 00 00 00   ;7
783 02 27 01 00 00 00 00 00                       78B 02 67 01 00 00 00 00 00   ;7
783 06 27 02 14 F1 3C 5E 00                       78B 06 67 02 14 F1 3C 5E 00   ;7
783 0B 2E F1 A1 00 00 00 00 00 00 00 00                    78B 0B 6e F1 A1 00 00 00 00 00 00 00 00 ;7
783 0B 2E F1 A1 11 2B 28 00 0A 3C 00 FF                    78B 0B 6e F1 A1 11 2B 28 00 0A 3C 00 FF ;7
783 02 10 01 00 00 00 00 00                       78B 02 50 01 00 00 00 00 00   ;7
783 02 3E 80 00 00 00 00 00                       78B 02 7e 80 00 00 00 00 00   ;7
783 02 27 01 00 00 00 00 00                       78B 02 67 01 00 00 00 00 00   ;7
783 06 27 02 14 F1 3C 5E 00                       78B 06 67 02 14 F1 3C 5E 00   ;7
783 0B 2E F1 A1 00 00 00 00 00 00 00 00                    78B 0B 6e F1 A1 00 00 00 00 00 00 00 00 ;7
783 0B 2E F1 A1 11 1B 07 04 00 38 00 3A                    78B 0B 6e F1 A1 11 1B 07 04 00 38 00 3A ;7
783 02 10 01 00 00 00 00 00                       78B 02 50 01 00 00 00 00 00   ;7
783 02 3E 80 00 00 00 00 00                       78B 02 7e 80 00 00 00 00 00   ;7
783 02 27 01 00 00 00 00 00                       78B 02 67 01 00 00 00 00 00   ;7
783 06 27 02 14 F1 3C 5E 00                       78B 06 67 02 14 F1 3C 5E 00   ;7
783 0B 2E F1 A1 00 00 00 00 00 00 00 00                    78B 0B 6e F1 A1 00 00 00 00 00 00 00 00 ;7
783 0B 2E F1 A1 11 2B 28 00 06 3C 00 F3                    78B 0B 6e F1 A1 11 2B 28 00 06 3C 00 F3 ;7
783 02 10 01 00 00 00 00 00                       78B 02 50 01 00 00 00 00 00   ;7
783 02 3E 80 00 00 00 00 00                       78B 02 7e 80 00 00 00 00 00   ;7
783 02 27 01 00 00 00 00 00                       78B 02 67 01 00 00 00 00 00   ;7
783 06 27 02 14 F1 3C 5E 00                       78B 06 67 02 14 F1 3C 5E 00   ;7
783 0B 2E F1 A1 00 00 00 00 00 00 00 00                    78B 0B 6e F1 A1 00 00 00 00 00 00 00 00 ;7
783 0B 2E F1 A1 11 2B 28 00 06 3C 00 F3                    78B 0B 6e F1 A1 11 2B 28 00 06 3C 00 F3 ;7
783 02 10 01 00 00 00 00 00                       78B 02 50 01 00 00 00 00 00   ;7
783 02 3E 80 00 00 00 00 00                       78B 02 7e 80 00 00 00 00 00   ;7
783 02 27 01 00 00 00 00 00                       78B 02 67 01 00 00 00 00 00   ;7
783 06 27 02 14 F1 3C 5E 00                       78B 06 67 02 14 F1 3C 5E 00   ;7
783 0B 2E F1 A1 00 00 00 00 00 00 00 00                    78B 0B 6e F1 A1 00 00 00 00 00 00 00 00 ;7
783 0B 2E F1 A1 11 2B 28 00 0A 3E 00 F9                    78B 0B 6e F1 A1 11 2B 28 00 0A 3E 00 F9 ;7
783 02 10 01 00 00 00 00 00                       78B 02 50 01 00 00 00 00 00   ;7
783 02 3E 80 00 00 00 00 00                       78B 02 7e 80 00 00 00 00 00   ;7
783 02 27 01 00 00 00 00 00                       78B 02 67 01 00 00 00 00 00   ;7
783 06 27 02 14 F1 3C 5E 00                       78B 06 67 02 14 F1 3C 5E 00   ;7
783 0B 2E F1 A1 00 00 00 00 00 00 00 00                    78B 0B 6e F1 A1 00 00 00 00 00 00 00 00 ;7
783 0B 2E F1 A1 11 1B 07 03 00 38 00 3B                    78B 0B 6e F1 A1 11 1B 07 03 00 38 00 3B ;7
