704 02 10 01 00 00 00 00 00                       70C 02 50 01 00 00 00 00 00   ;
704 02 3E 80 00 00 00 00 00                       70C 02 7e 80 00 00 00 00 00   ;
704 02 10 01 00 00 00 00 00                       70C 02 50 01 00 00 00 00 00   ;
704 02 3E 80 00 00 00 00 00                       70C 02 7e 80 00 00 00 00 00   ;
704 02 10 01 00 00 00 00 00                       70C 02 50 01 00 00 00 00 00   ;7
704 02 3E 80 00 00 00 00 00                       70C 02 7e 80 00 00 00 00 00   ;7
704 02 27 01 00 00 00 00 00                       70C 02 67 01 00 00 00 00 00   ;7
704 06 27 02 14 F1 3C 3A 00                       70C 06 67 02 14 F1 3C 3A 00   ;7
704 04 31 01 F1 A1 55 55 55                       70C 04 71 01 F1 A1 55 55 55   ;7
704 0B 2E F1 A1 11 2B 6D 02 00 00 00 FE                    70C 0B 6e F1 A1 11 2B 6D 02 00 00 00 FE ;7
704 02 10 01 00 00 00 00 00                       70C 02 50 01 00 00 00 00 00   ;7
704 02 3E 80 00 00 00 00 00                       70C 02 7e 80 00 00 00 00 00   ;7
704 02 27 01 00 00 00 00 00                       70C 02 67 01 00 00 00 00 00   ;7
704 06 27 02 14 F1 3C 3A 00                       70C 06 67 02 14 F1 3C 3A 00   ;7
704 04 31 01 F1 A1 55 55 55                       70C 04 71 01 F1 A1 55 55 55   ;7
704 0B 2E F1 A1 11 2B 6D 04 00 00 00 F8                    70C 0B 6e F1 A1 11 2B 6D 04 00 00 00 F8 ;7
704 02 10 01 00 00 00 00 00                       70C 02 50 01 00 00 00 00 00   ;7
704 02 3E 80 00 00 00 00 00                       70C 02 7e 80 00 00 00 00 00   ;7
704 02 27 01 00 00 00 00 00                       70C 02 67 01 00 00 00 00 00   ;7
704 06 27 02 14 F1 3C 3A 00                       70C 06 67 02 14 F1 3C 3A 00   ;7
704 04 31 01 F1 A1 55 55 55                       70C 04 71 01 F1 A1 55 55 55   ;7
704 0B 2E F1 A1 11 2B 6D 03 00 00 00 F9                    70C 0B 6e F1 A1 11 2B 6D 03 00 00 00 F9 ;7
704 02 10 01 00 00 00 00 00                       70C 02 50 01 00 00 00 00 00   ;7
704 02 3E 80 00 00 00 00 00                       70C 02 7e 80 00 00 00 00 00   ;7
704 02 27 01 00 00 00 00 00                       70C 02 67 01 00 00 00 00 00   ;7
704 06 27 02 14 F1 3C 3A 00                       70C 06 67 02 14 F1 3C 3A 00   ;7
704 04 31 01 F1 A1 55 55 55                       70C 04 71 01 F1 A1 55 55 55   ;7
704 0B 2E F1 A1 11 8F E9 02 01 00 00 D9                    70C 0B 6e F1 A1 11 8F E9 02 01 00 00 D9 ;7
704 02 10 01 00 00 00 00 00                       70C 02 50 01 00 00 00 00 00   ;7
704 02 3E 80 00 00 00 00 00                       70C 02 7e 80 00 00 00 00 00   ;7
704 02 27 01 00 00 00 00 00                       70C 02 67 01 00 00 00 00 00   ;7
704 06 27 02 14 F1 3C 3A 00                       70C 06 67 02 14 F1 3C 3A 00   ;7
704 04 31 01 F1 A1 55 55 55                       70C 04 71 01 F1 A1 55 55 55   ;7
704 0B 2E F1 A1 11 2B 6D 04 00 00 00 F8                    70C 0B 6e F1 A1 11 2B 6D 04 00 00 00 F8 ;7
704 02 10 01 00 00 00 00 00                       70C 02 50 01 00 00 00 00 00   ;7
704 02 3E 80 00 00 00 00 00                       70C 02 7e 80 00 00 00 00 00   ;7
704 02 27 01 00 00 00 00 00                       70C 02 67 01 00 00 00 00 00   ;7
704 06 27 02 14 F1 3C 3A 00                       70C 06 67 02 14 F1 3C 3A 00   ;7
704 04 31 01 F1 A1 55 55 55                       70C 04 71 01 F1 A1 55 55 55   ;7
704 0B 2E F1 A1 11 2B 6D 04 00 00 00 F8                    70C 0B 6e F1 A1 11 2B 6D 04 00 00 00 F8 ;7
704 02 10 01 00 00 00 00 00                       70C 02 50 01 00 00 00 00 00   ;7
704 02 3E 80 00 00 00 00 00                       70C 02 7e 80 00 00 00 00 00   ;7
704 02 27 01 00 00 00 00 00                       70C 02 67 01 00 00 00 00 00   ;7
704 06 27 02 14 F1 3C 3A 00                       70C 06 67 02 14 F1 3C 3A 00   ;7
704 04 31 01 F1 A1 55 55 55                       70C 04 71 01 F1 A1 55 55 55   ;7
704 0B 2E F1 A1 11 2B 6D 04 00 00 00 F8                    70C 0B 6e F1 A1 11 2B 6D 04 00 00 00 F8 ;7
704 02 10 01 00 00 00 00 00                       70C 02 50 01 00 00 00 00 00   ;7
704 02 3E 80 00 00 00 00 00                       70C 02 7e 80 00 00 00 00 00   ;7
704 02 27 01 00 00 00 00 00                       70C 02 67 01 00 00 00 00 00   ;7
704 06 27 02 14 F1 3C 3A 00                       70C 06 67 02 14 F1 3C 3A 00   ;7
704 04 31 01 F1 A1 55 55 55                       70C 04 71 01 F1 A1 55 55 55   ;7
704 0B 2E F1 A1 11 2B 6D 03 00 00 00 F9                    70C 0B 6e F1 A1 11 2B 6D 03 00 00 00 F9 ;7
704 02 10 01 00 00 00 00 00                       70C 02 50 01 00 00 00 00 00   ;7
704 02 3E 80 00 00 00 00 00                       70C 02 7e 80 00 00 00 00 00   ;7
704 02 27 01 00 00 00 00 00                       70C 02 67 01 00 00 00 00 00   ;7
704 06 27 02 14 F1 3C 3A 00                       70C 06 67 02 14 F1 3C 3A 00   ;7
704 04 31 01 F1 A1 55 55 55                       70C 04 71 01 F1 A1 55 55 55   ;7
704 0B 2E F1 A1 11 2B 6D 03 00 00 00 F9                    70C 0B 6e F1 A1 11 2B 6D 03 00 00 00 F9 ;7
704 02 10 01 00 00 00 00 00                       70C 02 50 01 00 00 00 00 00   ;7
704 02 3E 80 00 00 00 00 00                       70C 02 7e 80 00 00 00 00 00   ;7
704 02 27 01 00 00 00 00 00                       70C 02 67 01 00 00 00 00 00   ;7
704 06 27 02 14 F1 3C 3A 00                       70C 06 67 02 14 F1 3C 3A 00   ;7
704 04 31 01 F1 A1 55 55 55                       70C 04 71 01 F1 A1 55 55 55   ;7
704 0B 2E F1 A1 11 2B 6D 03 00 00 00 F9                    70C 0B 6e F1 A1 11 2B 6D 03 00 00 00 F9 ;7
704 02 10 01 00 00 00 00 00                       70C 02 50 01 00 00 00 00 00   ;7
704 02 3E 80 00 00 00 00 00                       70C 02 7e 80 00 00 00 00 00   ;7
704 02 27 01 00 00 00 00 00                       70C 02 67 01 00 00 00 00 00   ;7
704 06 27 02 14 F1 3C 3A 00                       70C 06 67 02 14 F1 3C 3A 00   ;7
704 04 31 01 F1 A1 55 55 55                       70C 04 71 01 F1 A1 55 55 55   ;7
704 0B 2E F1 A1 11 2B 6D 02 00 00 00 FE                    70C 0B 6e F1 A1 11 2B 6D 02 00 00 00 FE ;7
704 02 10 01 00 00 00 00 00                       70C 02 50 01 00 00 00 00 00   ;7
704 02 3E 80 00 00 00 00 00                       70C 02 7e 80 00 00 00 00 00   ;7
704 02 27 01 00 00 00 00 00                       70C 02 67 01 00 00 00 00 00   ;7
704 06 27 02 14 F1 3C 3A 00                       70C 06 67 02 14 F1 3C 3A 00   ;7
704 04 31 01 F1 A1 55 55 55                       70C 04 71 01 F1 A1 55 55 55   ;7
704 0B 2E F1 A1 11 2B 6D 02 00 00 00 FE                    70C 0B 6e F1 A1 11 2B 6D 02 00 00 00 FE ;7
704 02 10 01 00 00 00 00 00                       70C 02 50 01 00 00 00 00 00   ;7
704 02 3E 80 00 00 00 00 00                       70C 02 7e 80 00 00 00 00 00   ;7
704 02 27 01 00 00 00 00 00                       70C 02 67 01 00 00 00 00 00   ;7
704 06 27 02 14 F1 3C 3A 00                       70C 06 67 02 14 F1 3C 3A 00   ;7
704 04 31 01 F1 A1 55 55 55                       70C 04 71 01 F1 A1 55 55 55   ;7
704 0B 2E F1 A1 11 2B 6D 02 00 00 00 FE                    70C 0B 6e F1 A1 11 2B 6D 02 00 00 00 FE ;7
704 02 10 01 00 00 00 00 00                       70C 02 50 01 00 00 00 00 00   ;7
704 02 3E 80 00 00 00 00 00                       70C 02 7e 80 00 00 00 00 00   ;7
704 02 27 01 00 00 00 00 00                       70C 02 67 01 00 00 00 00 00   ;7
704 06 27 02 14 F1 3C 3A 00                       70C 06 67 02 14 F1 3C 3A 00   ;7
704 04 31 01 F1 A1 55 55 55                       70C 04 71 01 F1 A1 55 55 55   ;7
704 0B 2E F1 A1 11 CD E9 01 00 00 00 9D                    70C 0B 6e F1 A1 11 CD E9 01 00 00 00 9D ;7
704 02 10 01 00 00 00 00 00                       70C 02 50 01 00 00 00 00 00   ;7
704 02 3E 80 00 00 00 00 00                       70C 02 7e 80 00 00 00 00 00   ;7
704 02 27 01 00 00 00 00 00                       70C 02 67 01 00 00 00 00 00   ;7
704 06 27 02 14 F1 3C 3A 00                       70C 06 67 02 14 F1 3C 3A 00   ;7
704 04 31 01 F1 A1 55 55 55                       70C 04 71 01 F1 A1 55 55 55   ;7
704 0B 2E F1 A1 11 CD E9 02 00 00 00 9C                    70C 0B 6e F1 A1 11 CD E9 02 00 00 00 9C ;7
704 02 10 01 00 00 00 00 00                       70C 02 50 01 00 00 00 00 00   ;7
704 02 3E 80 00 00 00 00 00                       70C 02 7e 80 00 00 00 00 00   ;7
704 02 27 01 00 00 00 00 00                       70C 02 67 01 00 00 00 00 00   ;7
704 06 27 02 14 F1 3C 3A 00                       70C 06 67 02 14 F1 3C 3A 00   ;7
704 04 31 01 F1 A1 55 55 55                       70C 04 71 01 F1 A1 55 55 55   ;7
704 0B 2E F1 A1 11 CD E9 01 00 00 00 9C                    70C 0B 6e F1 A1 11 CD E9 01 00 00 00 9C ;7
