7F2 02 10 01 00 00 00 00 00                       7FA 02 50 01 00 00 00 00 00   ;
7F2 02 3E 80 00 00 00 00 00                       7FA 02 7e 80 00 00 00 00 00   ;
7F2 02 10 01 00 00 00 00 00                       7FA 02 50 01 00 00 00 00 00   ;
7F2 02 3E 80 00 00 00 00 00                       7FA 02 7e 80 00 00 00 00 00   ;
7F2 02 10 01 00 00 00 00 00                       7FA 02 50 01 00 00 00 00 00   ;7
7F2 02 3E 80 00 00 00 00 00                       7FA 02 7e 80 00 00 00 00 00   ;7
7F2 04 31 01 F1 A1 00 00 00                       7FA 04 71 01 F1 A1 00 00 00   ;7
7F2 0B 2E F1 A1 11 2B 70 02 00 00 00 FB                    7FA 0B 6e F1 A1 11 2B 70 02 00 00 00 FB ;7
7F2 02 10 01 00 00 00 00 00                       7FA 02 50 01 00 00 00 00 00   ;7
7F2 02 3E 80 00 00 00 00 00                       7FA 02 7e 80 00 00 00 00 00   ;7
7F2 04 31 01 F1 A1 00 00 00                       7FA 04 71 01 F1 A1 00 00 00   ;7
7F2 0B 2E F1 A1 11 2B 70 02 00 00 00 FB                    7FA 0B 6e F1 A1 11 2B 70 02 00 00 00 FB ;7
7F2 02 10 01 00 00 00 00 00                       7FA 02 50 01 00 00 00 00 00   ;7
7F2 02 3E 80 00 00 00 00 00                       7FA 02 7e 80 00 00 00 00 00   ;7
7F2 04 31 01 F1 A1 00 00 00                       7FA 04 71 01 F1 A1 00 00 00   ;7
7F2 0B 2E F1 A1 11 2B 70 02 00 00 00 FB                    7FA 0B 6e F1 A1 11 2B 70 02 00 00 00 FB ;7
7F2 02 10 01 00 00 00 00 00                       7FA 02 50 01 00 00 00 00 00   ;7
7F2 02 3E 80 00 00 00 00 00                       7FA 02 7e 80 00 00 00 00 00   ;7
7F2 04 31 01 F1 A1 00 00 00                       7FA 04 71 01 F1 A1 00 00 00   ;7
7F2 0B 2E F1 A1 11 8F 70 02 01 00 00 46                    7FA 0B 6e F1 A1 11 8F 70 02 01 00 00 46 ;7
7F2 02 10 01 00 00 00 00 00                       7FA 02 50 01 00 00 00 00 00   ;7
7F2 02 3E 80 00 00 00 00 00                       7FA 02 7e 80 00 00 00 00 00   ;7
7F2 04 31 01 F1 A1 00 00 00                       7FA 04 71 01 F1 A1 00 00 00   ;7
7F2 0B 2E F1 A1 11 2B 70 02 00 00 00 FB                    7FA 0B 6e F1 A1 11 2B 70 02 00 00 00 FB ;7
7F2 02 10 01 00 00 00 00 00                       7FA 02 50 01 00 00 00 00 00   ;7
7F2 02 3E 80 00 00 00 00 00                       7FA 02 7e 80 00 00 00 00 00   ;7
7F2 04 31 01 F1 A1 00 00 00                       7FA 04 71 01 F1 A1 00 00 00   ;7
7F2 0B 2E F1 A1 11 2B 70 02 00 00 00 FB                    7FA 0B 6e F1 A1 11 2B 70 02 00 00 00 FB ;7
7F2 02 10 01 00 00 00 00 00                       7FA 02 50 01 00 00 00 00 00   ;7
7F2 02 3E 80 00 00 00 00 00                       7FA 02 7e 80 00 00 00 00 00   ;7
7F2 04 31 01 F1 A1 00 00 00                       7FA 04 71 01 F1 A1 00 00 00   ;7
7F2 0B 2E F1 A1 11 2B 70 02 00 00 00 FB                    7FA 0B 6e F1 A1 11 2B 70 02 00 00 00 FB ;7
7F2 02 10 01 00 00 00 00 00                       7FA 02 50 01 00 00 00 00 00   ;7
7F2 02 3E 80 00 00 00 00 00                       7FA 02 7e 80 00 00 00 00 00   ;7
7F2 04 31 01 F1 A1 00 00 00                       7FA 04 71 01 F1 A1 00 00 00   ;7
7F2 0B 2E F1 A1 11 CD 70 01 00 00 00 1A                    7FA 0B 6e F1 A1 11 CD 70 01 00 00 00 1A ;7
7F2 02 10 01 00 00 00 00 00                       7FA 02 50 01 00 00 00 00 00   ;7
7F2 02 3E 80 00 00 00 00 00                       7FA 02 7e 80 00 00 00 00 00   ;7
7F2 04 31 01 F1 A1 00 00 00                       7FA 04 71 01 F1 A1 00 00 00   ;7
7F2 0B 2E F1 A1 11 CD 70 02 00 00 00 05                    7FA 0B 6e F1 A1 11 CD 70 02 00 00 00 05 ;7
7F2 02 10 01 00 00 00 00 00                       7FA 02 50 01 00 00 00 00 00   ;7
7F2 02 3E 80 00 00 00 00 00                       7FA 02 7e 80 00 00 00 00 00   ;7
7F2 04 31 01 F1 A1 00 00 00                       7FA 04 71 01 F1 A1 00 00 00   ;7
7F2 0B 2E F1 A1 11 CE 70 01 00 00 00 05                    7FA 0B 6e F1 A1 11 CE 70 01 00 00 00 05 ;7
7F2 02 10 01 00 00 00 00 00                       7FA 02 50 01 00 00 00 00 00   ;7
7F2 02 3E 80 00 00 00 00 00                       7FA 02 7e 80 00 00 00 00 00   ;7
7F2 04 31 01 F1 A1 00 00 00                       7FA 04 71 01 F1 A1 00 00 00   ;7
7F2 02 10 01 00 00 00 00 00                       7FA 02 50 01 00 00 00 00 00   ;7
7F2 02 3E 80 00 00 00 00 00                       7FA 02 7e 80 00 00 00 00 00   ;7
7F2 05 2E F0 10 00 00 00 00                       7FA 05 6e F0 10 00 00 00 00   ;7
7F2 02 10 01 00 00 00 00 00                       7FA 02 50 01 00 00 00 00 00   ;7
7F2 02 3E 80 00 00 00 00 00                       7FA 02 7e 80 00 00 00 00 00   ;7
7F2 05 2E F0 11 00 00 00 00                       7FA 05 6e F0 11 00 00 00 00   ;7
