7E0 02 10 01 00 00 00 00 00                       7E8 02 50 01 00 00 00 00 00   ;
7E0 02 3E 80 00 00 00 00 00                       7E8 02 7e 80 00 00 00 00 00   ;
7E0 02 10 01 00 00 00 00 00                       7E8 02 50 01 00 00 00 00 00   ;
7E0 02 3E 80 00 00 00 00 00                       7E8 02 7e 80 00 00 00 00 00   ;
7E0 02 10 01 00 00 00 00 00                       7E8 02 50 01 00 00 00 00 00   ;7
7E0 02 3E 80 00 00 00 00 00                       7E8 02 7e 80 00 00 00 00 00   ;7
7E0 02 27 01 00 00 00 00 00                       7E8 02 67 01 00 00 00 00 00   ;7
7E0 06 27 02 14 F1 3D 69 00                       7E8 06 67 02 14 F1 3D 69 00   ;7
7E0 04 31 01 D0 01 55 55 55                       7E8 04 71 01 D0 01 55 55 55   ;7
7E0 04 31 03 D0 01 55 55 55                       7E8 04 71 03 D0 01 55 55 55   ;7
7E0 02 10 01 00 00 00 00 00                       7E8 02 50 01 00 00 00 00 00   ;7
7E0 02 3E 80 00 00 00 00 00                       7E8 02 7e 80 00 00 00 00 00   ;7
7E0 02 27 01 00 00 00 00 00                       7E8 02 67 01 00 00 00 00 00   ;7
7E0 06 27 02 14 F1 3D 69 00                       7E8 06 67 02 14 F1 3D 69 00   ;7
7E0 03 22 F1 90 00 00 00 00                       7E8 03 62 F1 90 00 00 00 00   ;7
7E0 10 14 2E F1 90 FF FF FF FF FF FF FF FF FF FF FF FF FF FF FF FF FF                    7E8 10 54 2E F1 90 FF FF FF FF FF FF FF FF FF FF FF FF FF FF FF FF FF ;7
