7E2 02 10 01 00 00 00 00 00                       7EA 02 50 01 00 00 00 00 00   ;
7E2 02 3E 80 00 00 00 00 00                       7EA 02 7e 80 00 00 00 00 00   ;
7E2 02 10 01 00 00 00 00 00                       7EA 02 50 01 00 00 00 00 00   ;
7E2 02 3E 80 00 00 00 00 00                       7EA 02 7e 80 00 00 00 00 00   ;
7E2 02 10 01 00 00 00 00 00                       7EA 02 50 01 00 00 00 00 00   ;7
7E2 02 3E 80 00 00 00 00 00                       7EA 02 7e 80 00 00 00 00 00   ;7
7E2 04 2E F1 A1 00 55 55 55                       7EA 04 6e F1 A1 00 55 55 55   ;7
7E2 04 2E F1 A1 01 55 55 55                       7EA 04 6e F1 A1 01 55 55 55   ;7
7E2 04 2E F1 A1 02 55 55 55                       7EA 04 6e F1 A1 02 55 55 55   ;7
7E2 04 2E F1 A1 03 55 55 55                       7EA 04 6e F1 A1 03 55 55 55   ;7
