7F2 02 10 01 00 00 00 00 00                       7FA 02 50 01 00 00 00 00 00   ;
7F2 02 3E 80 00 00 00 00 00                       7FA 02 7e 80 00 00 00 00 00   ;
7F2 02 10 01 00 00 00 00 00                       7FA 02 50 01 00 00 00 00 00   ;
7F2 02 3E 80 00 00 00 00 00                       7FA 02 7e 80 00 00 00 00 00   ;
7F2 02 10 01 00 00 00 00 00                       7FA 02 50 01 00 00 00 00 00   ;7
7F2 02 3E 80 00 00 00 00 00                       7FA 02 7e 80 00 00 00 00 00   ;7
7F2 02 27 01 00 00 00 00 00                       7FA 02 67 01 00 00 00 00 00   ;7
7F2 06 27 02 14 F1 3D FD 00                       7FA 06 67 02 14 F1 3D FD 00   ;7
7F2 04 2E 34 01 01 55 55 55                       7FA 04 6e 34 01 01 55 55 55   ;7
7F2 02 10 01 00 00 00 00 00                       7FA 02 50 01 00 00 00 00 00   ;7
7F2 02 3E 80 00 00 00 00 00                       7FA 02 7e 80 00 00 00 00 00   ;7
7F2 02 27 01 00 00 00 00 00                       7FA 02 67 01 00 00 00 00 00   ;7
7F2 06 27 02 14 F1 3D FD 00                       7FA 06 67 02 14 F1 3D FD 00   ;7
7F2 04 2E 34 01 00 55 55 55                       7FA 04 6e 34 01 00 55 55 55   ;7
7F2 02 27 01 00 00 00 00 00                       7FA 02 67 01 00 00 00 00 00   ;7
7F2 06 27 02 14 F1 3D FD 00                       7FA 06 67 02 14 F1 3D FD 00   ;7
7F2 03 22 F1 90 00 00 00 00                       7FA 03 62 F1 90 00 00 00 00   ;7
7F2 10 14 2E F1 90 FF FF FF FF FF FF FF FF FF FF FF FF FF FF FF FF FF                    7FA 10 54 2E F1 90 FF FF FF FF FF FF FF FF FF FF FF FF FF FF FF FF FF ;7
