704 02 10 01 00 00 00 00 00                       70C 02 50 01 00 00 00 00 00   ;
704 02 3E 80 00 00 00 00 00                       70C 02 7e 80 00 00 00 00 00   ;
704 02 10 01 00 00 00 00 00                       70C 02 50 01 00 00 00 00 00   ;
704 02 3E 80 00 00 00 00 00                       70C 02 7e 80 00 00 00 00 00   ;
704 03 22 00 20 00 00 00 00                       70C 03 62 00 20 00 00 00 00   ;7
704 10 14 2E F1 90 FF FF FF FF FF FF FF FF FF FF FF FF FF FF FF FF FF                    70C 10 54 2E F1 90 FF FF FF FF FF FF FF FF FF FF FF FF FF FF FF FF FF ;7
704 02 10 01 00 00 00 00 00                       70C 02 50 01 00 00 00 00 00   ;7
704 02 3E 80 00 00 00 00 00                       70C 02 7e 80 00 00 00 00 00   ;7
704 02 27 01 00 00 00 00 00                       70C 02 67 01 00 00 00 00 00   ;7
704 06 27 02 14 F1 3C 3A 00                       70C 06 67 02 14 F1 3C 3A 00   ;7
704 04 31 01 03 A7 55 55 55                       70C 04 71 01 03 A7 55 55 55   ;7
704 04 31 03 03 A7 55 55 55                       70C 04 71 03 03 A7 55 55 55   ;7
