7E7 02 10 01 00 00 00 00 00                       7EF 02 50 01 00 00 00 00 00   ;
7E7 02 3E 80 00 00 00 00 00                       7EF 02 7e 80 00 00 00 00 00   ;
7E7 02 10 01 00 00 00 00 00                       7EF 02 50 01 00 00 00 00 00   ;
7E7 02 3E 80 00 00 00 00 00                       7EF 02 7e 80 00 00 00 00 00   ;
7E7 04 31 01 20 06 55 55 55                       7EF 04 71 01 20 06 55 55 55   ;7ds
7E7 04 31 03 20 06 55 55 55                       7EF 04 71 03 20 06 55 55 55   ;7ds
7E7 04 31 02 20 06 55 55 55                       7EF 04 71 02 20 06 55 55 55   ;7ds
7E7 04 31 01 20 05 55 55 55                       7EF 04 71 01 20 05 55 55 55   ;7ds
7E7 04 31 03 20 05 55 55 55                       7EF 04 71 03 20 05 55 55 55   ;7ds
7E7 04 31 02 20 05 55 55 55                       7EF 04 71 02 20 05 55 55 55   ;7ds
7E7 04 31 01 20 0A 55 55 55                       7EF 04 71 01 20 0A 55 55 55   ;7ds
7E7 04 31 03 20 0A 55 55 55                       7EF 04 71 03 20 0A 55 55 55   ;7ds
7E7 04 31 02 20 0A 55 55 55                       7EF 04 71 02 20 0A 55 55 55   ;7ds
7E7 02 10 01 00 00 00 00 00                       7EF 02 50 01 00 00 00 00 00   ;7
7E7 02 3E 80 00 00 00 00 00                       7EF 02 7e 80 00 00 00 00 00   ;7
7E7 02 27 01 00 00 00 00 00                       7EF 02 67 01 00 00 00 00 00   ;7
7E7 04 27 02 14 92 00 00 00                       7EF 04 67 02 14 92 00 00 00   ;7
7E7 07 2E 1F FE E8 03 D0 07                       7EF 07 6e 1F FE E8 03 D0 07   ;7
7E7 02 10 01 00 00 00 00 00                       7EF 02 50 01 00 00 00 00 00   ;7
7E7 02 3E 80 00 00 00 00 00                       7EF 02 7e 80 00 00 00 00 00   ;7
7E7 02 27 01 00 00 00 00 00                       7EF 02 67 01 00 00 00 00 00   ;7
7E7 04 27 02 14 92 00 00 00                       7EF 04 67 02 14 92 00 00 00   ;7
7E7 07 2E 1F FD E8 03 D0 07                       7EF 07 6e 1F FD E8 03 D0 07   ;7
7E7 02 10 01 00 00 00 00 00                       7EF 02 50 01 00 00 00 00 00   ;7
7E7 02 3E 80 00 00 00 00 00                       7EF 02 7e 80 00 00 00 00 00   ;7
7E7 02 27 01 00 00 00 00 00                       7EF 02 67 01 00 00 00 00 00   ;7
7E7 04 27 02 14 92 00 00 00                       7EF 04 67 02 14 92 00 00 00   ;7
7E7 02 10 01 00 00 00 00 00                       7EF 02 50 01 00 00 00 00 00   ;7
7E7 02 3E 80 00 00 00 00 00                       7EF 02 7e 80 00 00 00 00 00   ;7
7E7 02 27 01 00 00 00 00 00                       7EF 02 67 01 00 00 00 00 00   ;7
7E7 04 27 02 14 92 00 00 00                       7EF 04 67 02 14 92 00 00 00   ;7
7E7 02 10 01 00 00 00 00 00                       7EF 02 50 01 00 00 00 00 00   ;7
7E7 02 3E 80 00 00 00 00 00                       7EF 02 7e 80 00 00 00 00 00   ;7
7E7 02 27 01 00 00 00 00 00                       7EF 02 67 01 00 00 00 00 00   ;7
7E7 04 27 02 14 92 00 00 00                       7EF 04 67 02 14 92 00 00 00   ;7
