81 11 F1 81 04                                    81 F1 11 C1 04                ;
81 11 F1 3E C1                                    81 F1 11 7E C1                ;
81 11 F1 81 04                                    81 F1 11 C1 04                ;
81 11 F1 3E C1                                    81 F1 11 7E C1                ;
82 11 F1 11 01 96                                 82 F1 11 51 01 96             ;7
80 11 F1 01 04 87                                 80 F1 11 01 44 87             ;7
83 11 F1 14 FF 00 98                              83 F1 11 54 FF 00 98          ;7
83 11 F1 22 00 05 98                              83 F1 11 62 00 05 98          ;7
84 11 F1 30 2C 07 FF E8                           84 F1 11 70 2C 07 FF E8       ;7
82 11 F1 1A 90 6D                                 82 F1 11 5A 90 6D             ;7
93 11 F1 3B 90 20 20 20 20 20 20 20 20 20 20 20 20 20 20 20 20 20 11                    93 F1 11 7B 90 20 20 20 20 20 20 20 20 20 20 20 20 20 20 20 20 20 11;7
