7E1 02 10 01 00 00 00 00 00                       7E9 02 50 01 00 00 00 00 00   ;
7E1 02 3E 80 00 00 00 00 00                       7E9 02 7e 80 00 00 00 00 00   ;
7E1 03 22 F1 94 00 00 00 00                       7E9 03 62 F1 94 00 00 00 00   ;
7E1 02 10 01 00 00 00 00 00                       7E9 02 50 01 00 00 00 00 00   ;
7E1 02 3E 80 00 00 00 00 00                       7E9 02 7e 80 00 00 00 00 00   ;
7E1 03 22 F1 94 00 00 00 00                       7E9 03 62 F1 94 00 00 00 00   ;
7E1 02 10 01 00 00 00 00 00                       7E9 02 50 01 00 00 00 00 00   ;7
7E1 02 3E 80 00 00 00 00 00                       7E9 02 7e 80 00 00 00 00 00   ;7
7E1 03 22 F1 94 00 00 00 00                       7E9 03 62 F1 94 00 00 00 00   ;7
7E1 04 31 01 D0 01 00 00 00                       7E9 04 71 01 D0 01 00 00 00   ;7
7E1 02 10 01 00 00 00 00 00                       7E9 02 50 01 00 00 00 00 00   ;7
7E1 02 3E 80 00 00 00 00 00                       7E9 02 7e 80 00 00 00 00 00   ;7
7E1 03 22 F1 94 00 00 00 00                       7E9 03 62 F1 94 00 00 00 00   ;7
7E1 04 31 01 D0 02 00 00 00                       7E9 04 71 01 D0 02 00 00 00   ;7
7E1 02 10 01 00 00 00 00 00                       7E9 02 50 01 00 00 00 00 00   ;7
7E1 02 3E 80 00 00 00 00 00                       7E9 02 7e 80 00 00 00 00 00   ;7
7E1 03 22 F1 94 00 00 00 00                       7E9 03 62 F1 94 00 00 00 00   ;7
7E1 04 31 01 D0 03 00 00 00                       7E9 04 71 01 D0 03 00 00 00   ;7
7E1 02 10 01 00 00 00 00 00                       7E9 02 50 01 00 00 00 00 00   ;7
7E1 02 3E 80 00 00 00 00 00                       7E9 02 7e 80 00 00 00 00 00   ;7
7E1 03 22 F1 94 00 00 00 00                       7E9 03 62 F1 94 00 00 00 00   ;7
7E1 04 31 01 D0 04 00 00 00                       7E9 04 71 01 D0 04 00 00 00   ;7
7E1 04 31 03 D0 04 00 00 00                       7E9 04 71 03 D0 04 00 00 00   ;7
