782 02 10 01 00 00 00 00 00                       78A 02 50 01 00 00 00 00 00   ;
782 02 3E 80 00 00 00 00 00                       78A 02 7e 80 00 00 00 00 00   ;
782 02 10 01 00 00 00 00 00                       78A 02 50 01 00 00 00 00 00   ;
782 02 3E 80 00 00 00 00 00                       78A 02 7e 80 00 00 00 00 00   ;
782 04 31 01 30 06 00 00 00                       78A 04 71 01 30 06 00 00 00   ;7
782 04 31 03 30 06 00 00 00                       78A 04 71 03 30 06 00 00 00   ;7
782 04 31 01 30 07 00 00 00                       78A 04 71 01 30 07 00 00 00   ;7
782 04 31 03 30 07 00 00 00                       78A 04 71 03 30 07 00 00 00   ;7
782 03 22 20 45 00 00 00 00                       78A 03 62 20 45 00 00 00 00   ;7
782 04 2E 20 45 DD 00 00 00                       78A 04 6e 20 45 DD 00 00 00   ;7
782 04 2E 20 45 BB 00 00 00                       78A 04 6e 20 45 BB 00 00 00   ;7
782 02 10 03 00 00 00 00 00                       78A 02 50 03 00 00 00 00 00   ;7
782 06 31 01 30 02 01 03 00                       78A 06 71 01 30 02 01 03 00   ;7
782 04 31 03 30 02 00 00 00                       78A 04 71 03 30 02 00 00 00   ;7
782 06 31 01 30 02 02 03 00                       78A 06 71 01 30 02 02 03 00   ;7
782 04 31 03 30 02 00 00 00                       78A 04 71 03 30 02 00 00 00   ;7
782 06 31 01 30 02 03 03 00                       78A 06 71 01 30 02 03 03 00   ;7
782 04 31 03 30 02 00 00 00                       78A 04 71 03 30 02 00 00 00   ;7
782 06 31 01 30 02 04 03 00                       78A 06 71 01 30 02 04 03 00   ;7
782 04 31 03 30 02 00 00 00                       78A 04 71 03 30 02 00 00 00   ;7
782 02 10 05 00 00 00 00 00                       78A 02 50 05 00 00 00 00 00   ;7
