05        00 00 07 E0    00 00 07 E8    00 ;000
05        00 00 07 14    00 00 07 94    00 ;001
05        00 00 07 24    00 00 07 A4    00 ;002
05        00 00 07 21    00 00 07 A1    00 ;003
05        00 00 07 26    00 00 07 A6    00 ;004
05        00 00 07 15    00 00 07 95    00 ;005
05        00 00 07 10    00 00 07 90    00 ;006
05        00 00 07 30    00 00 07 B0    00 ;007
05        00 00 07 22    00 00 07 A2    00 ;008
05        00 00 07 23    00 00 07 A3    00 ;009
05        00 00 07 27    00 00 07 A7    00 ;00a
05        00 00 07 20    00 00 07 A0    00 ;00b
05        00 00 07 29    00 00 07 A9    00 ;00c
05        00 00 07 E1    00 00 07 E9    00 ;00d
05        00 00 07 25    00 00 07 A5    00 ;00e
05        00 00 07 12    00 00 07 92    00 ;00f
05        00 00 07 2C    00 00 07 AC    00 ;010
